0 14.4465 23.2184 4.22354e-05 0.127567
1 14.4465 23.2184 4.22354e-05 0.127567
2 14.4465 23.2184 4.22354e-05 0.127567
3 14.4465 23.2184 4.22354e-05 0.127567
4 14.4465 23.2184 4.22354e-05 0.127567
5 14.4465 23.2184 4.22354e-05 0.127567
6 14.4465 23.2184 4.22354e-05 0.127567
7 14.4465 23.2184 4.22354e-05 0.127567
8 14.4465 23.2184 4.22354e-05 0.127567
9 14.4465 23.2184 4.22354e-05 0.127567
10 14.4465 23.2184 4.22354e-05 0.127567
11 14.4465 23.2184 4.22354e-05 0.127567
12 14.4465 23.2184 4.22354e-05 0.127567
13 14.4465 23.2184 4.22354e-05 0.127567
14 14.4465 23.2184 4.22354e-05 0.127567
15 14.4465 23.2184 4.22354e-05 0.127567
16 14.4465 23.2184 4.22354e-05 0.127567
17 14.4465 23.2184 4.22354e-05 0.127567
18 14.4465 23.2184 4.22354e-05 0.127567
19 14.4465 23.2184 4.22354e-05 0.127567
20 14.4465 23.2184 4.22354e-05 0.127567
21 14.4465 23.2184 4.22354e-05 0.127567
22 14.4465 23.2184 4.22354e-05 0.127567
23 14.4465 23.2184 4.22354e-05 0.127567
24 14.4465 23.2184 4.22354e-05 0.127567
25 14.4465 23.2184 4.22354e-05 0.127567
26 14.4465 23.2184 4.22354e-05 0.127567
27 14.4465 23.2184 4.22354e-05 0.127567
28 14.4465 23.2184 4.22354e-05 0.127567
29 14.4465 23.2184 4.22354e-05 0.127567
30 14.4465 23.2184 4.22354e-05 0.127567
31 14.4465 23.2184 4.22354e-05 0.127567
32 14.4465 23.2184 4.22354e-05 0.127567
33 14.4465 23.2184 4.22354e-05 0.127567
34 14.4465 23.2184 4.22354e-05 0.127567
35 14.4465 23.2184 4.22354e-05 0.127567
36 14.4465 23.2184 4.22354e-05 0.127567
37 14.4465 23.2184 4.22354e-05 0.127567
38 14.4465 23.2184 4.22354e-05 0.127567
39 14.4465 23.2184 4.22354e-05 0.127567
40 14.4465 23.2184 4.22354e-05 0.127567
41 14.4465 23.2184 4.22354e-05 0.127567
42 14.4465 23.2184 4.22354e-05 0.127567
43 14.4465 23.2184 4.22354e-05 0.127567
44 14.4465 23.2184 4.22354e-05 0.127567
45 14.4465 23.2184 4.22354e-05 0.127567
46 14.4465 23.2184 4.22354e-05 0.127567
47 14.4465 23.2184 4.22354e-05 0.127567
48 14.4465 23.2184 4.22354e-05 0.127567
49 14.4465 23.2184 4.22354e-05 0.127567
50 14.4465 23.2184 4.22354e-05 0.127567
51 14.4465 23.2184 4.22354e-05 0.127567
52 14.4465 23.2184 4.22354e-05 0.127567
53 14.4465 23.2184 4.22354e-05 0.127567
54 14.4465 23.2184 4.22354e-05 0.127567
55 14.4465 23.2184 4.22354e-05 0.127567
56 14.4465 23.2184 4.22354e-05 0.127567
57 14.4465 23.2184 4.22354e-05 0.127567
58 14.4465 23.2184 4.22354e-05 0.127567
59 14.4465 23.2184 4.22354e-05 0.127567
60 14.4465 23.2184 4.22354e-05 0.127567
61 14.4465 23.2184 4.22354e-05 0.127567
62 14.4465 23.2184 4.22354e-05 0.127567
63 14.4465 23.2184 4.22354e-05 0.127567
64 14.4465 23.2184 4.22354e-05 0.127567
65 14.4465 23.2184 4.22354e-05 0.127567
66 14.4465 23.2184 4.22354e-05 0.127567
67 14.4465 23.2184 4.22354e-05 0.127567
68 14.4465 23.2184 4.22354e-05 0.127567
69 14.4465 23.2184 4.22354e-05 0.127567
70 14.4465 23.2184 4.22354e-05 0.127567
71 14.4465 23.2184 4.22354e-05 0.127567
72 14.4465 23.2184 4.22354e-05 0.127567
73 14.4465 23.2184 4.22354e-05 0.127567
74 14.4465 23.2184 4.22354e-05 0.127567
75 14.4465 23.2184 4.22354e-05 0.127567
76 14.4465 23.2184 4.22354e-05 0.127567
77 14.4465 23.2184 4.22354e-05 0.127567
78 14.4465 23.2184 4.22354e-05 0.127567
79 14.4465 23.2184 4.22354e-05 0.127567
80 14.4465 23.2184 4.22354e-05 0.127567
81 14.4465 23.2184 4.22354e-05 0.127567
82 14.4465 23.2184 4.22354e-05 0.127567
83 14.4465 23.2184 4.22354e-05 0.127567
84 14.4465 23.2184 4.22354e-05 0.127567
85 14.4465 23.2184 4.22354e-05 0.127567
86 14.4465 23.2184 4.22354e-05 0.127567
87 14.4465 23.2184 4.22354e-05 0.127567
88 14.4465 23.2184 4.22354e-05 0.127567
89 14.4465 23.2184 4.22354e-05 0.127567
90 14.4465 23.2184 4.22354e-05 0.127567
91 14.4465 23.2184 4.22354e-05 0.127567
92 14.4465 23.2184 4.22354e-05 0.127567
93 14.4465 23.2184 4.22354e-05 0.127567
94 14.4465 23.2184 4.22354e-05 0.127567
95 14.4465 23.2184 4.22354e-05 0.127567
96 14.4465 23.2184 4.22354e-05 0.127567
97 14.4465 23.2184 4.22354e-05 0.127567
98 14.4465 23.2184 4.22354e-05 0.127567
99 14.4465 23.2184 4.22354e-05 0.127567
100 14.4465 23.2184 4.22354e-05 0.127567
101 14.4465 23.2184 4.22354e-05 0.127567
102 14.4465 23.2184 4.22354e-05 0.127567
103 14.4465 23.2184 4.22354e-05 0.127567
104 14.4465 23.2184 4.22354e-05 0.127567
105 14.4465 23.2184 4.22354e-05 0.127567
106 14.4465 23.2184 4.22354e-05 0.127567
107 14.4465 23.2184 4.22354e-05 0.127567
108 14.4465 23.2184 4.22354e-05 0.127567
109 14.4465 23.2184 4.22354e-05 0.127567
110 14.4465 23.2184 4.22354e-05 0.127567
111 14.4465 23.2184 4.22354e-05 0.127567
112 14.4465 23.2184 4.22354e-05 0.127567
113 14.4465 23.2184 4.22354e-05 0.127567
114 14.4465 23.2184 4.22354e-05 0.127567
115 14.4465 23.2184 4.22354e-05 0.127567
116 14.4465 23.2184 4.22354e-05 0.127567
117 14.4465 23.2184 4.22354e-05 0.127567
118 14.4465 23.2184 4.22354e-05 0.127567
119 14.4465 23.2184 4.22354e-05 0.127567
120 14.4465 23.2184 4.22354e-05 0.127567
121 14.4465 23.2184 4.22354e-05 0.127567
122 14.4465 23.2184 4.22354e-05 0.127567
123 14.4465 23.2184 4.22354e-05 0.127567
124 14.4465 23.2184 4.22354e-05 0.127567
125 14.4465 23.2184 4.22354e-05 0.127567
126 14.4465 23.2184 4.22354e-05 0.127567
127 14.4465 23.2184 4.22354e-05 0.127567
128 14.4465 23.2184 4.22354e-05 0.127567
129 14.4465 23.2184 4.22354e-05 0.127567
130 14.4465 23.2184 4.22354e-05 0.127567
131 14.4465 23.2184 4.22354e-05 0.127567
132 14.4465 23.2184 4.22354e-05 0.127567
133 14.4465 23.2184 4.22354e-05 0.127567
134 14.4465 23.2184 4.22354e-05 0.127567
135 14.4465 23.2184 4.22354e-05 0.127567
136 14.4465 23.2184 4.22354e-05 0.127567
137 14.4465 23.2184 4.22354e-05 0.127567
138 14.4465 23.2184 4.22354e-05 0.127567
139 14.4465 23.2184 4.22354e-05 0.127567
140 14.4465 23.2184 4.22354e-05 0.127567
141 14.4465 23.2184 4.22354e-05 0.127567
142 14.4465 23.2184 4.22354e-05 0.127567
143 14.4465 23.2184 4.22354e-05 0.127567
144 14.4465 23.2184 4.22354e-05 0.127567
145 14.4465 23.2184 4.22354e-05 0.127567
146 14.4465 23.2184 4.22354e-05 0.127567
147 14.4465 23.2184 4.22354e-05 0.127567
148 14.4465 23.2184 4.22354e-05 0.127567
149 14.4465 23.2184 4.22354e-05 0.127567
150 14.4465 23.2184 4.22354e-05 0.127567
151 14.4465 23.2184 4.22354e-05 0.127567
152 14.4465 23.2184 4.22354e-05 0.127567
153 14.4465 23.2184 4.22354e-05 0.127567
154 14.4465 23.2184 4.22354e-05 0.127567
155 14.4465 23.2184 4.22354e-05 0.127567
156 14.4465 23.2184 4.22354e-05 0.127567
157 14.4465 23.2184 4.22354e-05 0.127567
158 14.4465 23.2184 4.22354e-05 0.127567
159 14.4465 23.2184 4.22354e-05 0.127567
160 14.4465 23.2184 4.22354e-05 0.127567
161 14.4465 23.2184 4.22354e-05 0.127567
162 14.4465 23.2184 4.22354e-05 0.127567
163 14.4465 23.2184 4.22354e-05 0.127567
164 14.4465 23.2184 4.22354e-05 0.127567
165 14.4465 23.2184 4.22354e-05 0.127567
166 14.4465 23.2184 4.22354e-05 0.127567
167 14.4465 23.2184 4.22354e-05 0.127567
168 14.4465 23.2184 4.22354e-05 0.127567
169 14.4465 23.2184 4.22354e-05 0.127567
170 14.4465 23.2184 4.22354e-05 0.127567
171 14.4465 23.2184 4.22354e-05 0.127567
172 14.4465 23.2184 4.22354e-05 0.127567
173 14.4465 23.2184 4.22354e-05 0.127567
174 14.4465 23.2184 4.22354e-05 0.127567
175 14.4465 23.2184 4.22354e-05 0.127567
176 14.4465 23.2184 4.22354e-05 0.127567
177 14.4465 23.2184 4.22354e-05 0.127567
178 14.4465 23.2184 4.22354e-05 0.127567
179 14.4465 23.2184 4.22354e-05 0.127567
180 14.4465 23.2184 4.22354e-05 0.127567
181 14.4465 23.2184 4.22354e-05 0.127567
182 14.4465 23.2184 4.22354e-05 0.127567
183 14.4465 23.2184 4.22354e-05 0.127567
184 14.4465 23.2184 4.22354e-05 0.127567
185 14.4465 23.2184 4.22354e-05 0.127567
186 14.4465 23.2184 4.22354e-05 0.127567
187 14.4465 23.2184 4.22354e-05 0.127567
188 14.4465 23.2184 4.22354e-05 0.127567
189 14.4465 23.2184 4.22354e-05 0.127567
190 14.4465 23.2184 4.22354e-05 0.127567
191 14.4465 23.2184 4.22354e-05 0.127567
192 14.4465 23.2184 4.22354e-05 0.127567
193 14.4465 23.2184 4.22354e-05 0.127567
194 14.4465 23.2184 4.22354e-05 0.127567
195 14.4465 23.2184 4.22354e-05 0.127567
196 14.4465 23.2184 4.22354e-05 0.127567
197 14.4465 23.2184 4.22354e-05 0.127567
198 14.4465 23.2184 4.22354e-05 0.127567
199 14.4465 23.2184 4.22354e-05 0.127567
200 14.4465 23.2184 4.22354e-05 0.127567
201 14.4465 23.2184 4.22354e-05 0.127567
202 14.4465 23.2184 4.22354e-05 0.127567
203 14.4465 23.2184 4.22354e-05 0.127567
204 14.4465 23.2184 4.22354e-05 0.127567
205 14.4465 23.2184 4.22354e-05 0.127567
206 14.4465 23.2184 4.22354e-05 0.127567
207 14.4465 23.2184 4.22354e-05 0.127567
208 14.4465 23.2184 4.22354e-05 0.127567
209 14.4465 23.2184 4.22354e-05 0.127567
210 14.4465 23.2184 4.22354e-05 0.127567
211 14.4465 23.2184 4.22354e-05 0.127567
212 14.4465 23.2184 4.22354e-05 0.127567
213 14.4465 23.2184 4.22354e-05 0.127567
214 14.4465 23.2184 4.22354e-05 0.127567
215 14.4465 23.2184 4.22354e-05 0.127567
216 14.4465 23.2184 4.22354e-05 0.127567
217 14.4465 23.2184 4.22354e-05 0.127567
218 14.4465 23.2184 4.22354e-05 0.127567
219 14.4465 23.2184 4.22354e-05 0.127567
220 14.4465 23.2184 4.22354e-05 0.127567
221 14.4465 23.2184 4.22354e-05 0.127567
222 14.4465 23.2184 4.22354e-05 0.127567
223 14.4465 23.2184 4.22354e-05 0.127567
224 14.4465 23.2184 4.22354e-05 0.127567
225 14.4465 23.2184 4.22354e-05 0.127567
226 14.4465 23.2184 4.22354e-05 0.127567
227 14.4465 23.2184 4.22354e-05 0.127567
228 14.4465 23.2184 4.22354e-05 0.127567
229 14.4465 23.2184 4.22354e-05 0.127567
230 14.4465 23.2184 4.22354e-05 0.127567
231 14.4465 23.2184 4.22354e-05 0.127567
232 14.4465 23.2184 4.22354e-05 0.127567
233 14.4465 23.2184 4.22354e-05 0.127567
234 14.4465 23.2184 4.22354e-05 0.127567
235 14.4465 23.2184 4.22354e-05 0.127567
236 14.4465 23.2184 4.22354e-05 0.127567
237 14.4465 23.2184 4.22354e-05 0.127567
238 14.4465 23.2184 4.22354e-05 0.127567
239 14.4465 23.2184 4.22354e-05 0.127567
240 14.4465 23.2184 4.22354e-05 0.127567
241 14.4465 23.2184 4.22354e-05 0.127567
242 14.4465 23.2184 4.22354e-05 0.127567
243 14.4465 23.2184 4.22354e-05 0.127567
244 14.4465 23.2184 4.22354e-05 0.127567
245 14.4465 23.2184 4.22354e-05 0.127567
246 14.4465 23.2184 4.22354e-05 0.127567
247 14.4465 23.2184 4.22354e-05 0.127567
248 14.4465 23.2184 4.22354e-05 0.127567
249 14.4465 23.2184 4.22354e-05 0.127567
250 14.4465 23.2184 4.22354e-05 0.127567
251 14.4465 23.2184 4.22354e-05 0.127567
252 14.4465 23.2184 4.22354e-05 0.127567
253 14.4465 23.2184 4.22354e-05 0.127567
254 14.4465 23.2184 4.22354e-05 0.127567
255 14.4465 23.2184 4.22354e-05 0.127567
256 14.4465 23.2184 4.22354e-05 0.127567
257 14.4465 23.2184 4.22354e-05 0.127567
258 14.4465 23.2184 4.22354e-05 0.127567
259 14.4465 23.2184 4.22354e-05 0.127567
260 14.4465 23.2184 4.22354e-05 0.127567
261 14.4465 23.2184 4.22354e-05 0.127567
262 14.4465 23.2184 4.22354e-05 0.127567
263 14.4465 23.2184 4.22354e-05 0.127567
264 14.4465 23.2184 4.22354e-05 0.127567
265 14.4465 23.2184 4.22354e-05 0.127567
266 14.4465 23.2184 4.22354e-05 0.127567
267 14.4465 23.2184 4.22354e-05 0.127567
268 14.4465 23.2184 4.22354e-05 0.127567
269 14.4465 23.2184 4.22354e-05 0.127567
270 14.4465 23.2184 4.22354e-05 0.127567
271 14.4465 23.2184 4.22354e-05 0.127567
272 14.4465 23.2184 4.22354e-05 0.127567
273 14.4465 23.2184 4.22354e-05 0.127567
274 14.4465 23.2184 4.22354e-05 0.127567
275 14.4465 23.2184 4.22354e-05 0.127567
276 14.4465 23.2184 4.22354e-05 0.127567
277 14.4465 23.2184 4.22354e-05 0.127567
278 14.4465 23.2184 4.22354e-05 0.127567
279 14.4465 23.2184 4.22354e-05 0.127567
280 14.4465 23.2184 4.22354e-05 0.127567
281 14.4465 23.2184 4.22354e-05 0.127567
282 14.4465 23.2184 4.22354e-05 0.127567
283 14.4465 23.2184 4.22354e-05 0.127567
284 14.4465 23.2184 4.22354e-05 0.127567
285 14.4465 23.2184 4.22354e-05 0.127567
286 14.4465 23.2184 4.22354e-05 0.127567
287 14.4465 23.2184 4.22354e-05 0.127567
288 14.4465 23.2184 4.22354e-05 0.127567
289 14.4465 23.2184 4.22354e-05 0.127567
290 14.4465 23.2184 4.22354e-05 0.127567
291 14.4465 23.2184 4.22354e-05 0.127567
292 14.4465 23.2184 4.22354e-05 0.127567
293 14.4465 23.2184 4.22354e-05 0.127567
294 14.4465 23.2184 4.22354e-05 0.127567
295 14.4465 23.2184 4.22354e-05 0.127567
296 14.4465 23.2184 4.22354e-05 0.127567
297 14.4465 23.2184 4.22354e-05 0.127567
298 14.4465 23.2184 4.22354e-05 0.127567
299 14.4465 23.2184 4.22354e-05 0.127567
300 14.4465 23.2184 4.22354e-05 0.127567
301 14.4465 23.2184 4.22354e-05 0.127567
302 14.4465 23.2184 4.22354e-05 0.127567
303 14.4465 23.2184 4.22354e-05 0.127567
304 14.4465 23.2184 4.22354e-05 0.127567
305 14.4465 23.2184 4.22354e-05 0.127567
306 14.4465 23.2184 4.22354e-05 0.127567
307 14.4465 23.2184 4.22354e-05 0.127567
308 14.4465 23.2184 4.22354e-05 0.127567
309 14.4465 23.2184 4.22354e-05 0.127567
310 14.4465 23.2184 4.22354e-05 0.127567
311 14.4465 23.2184 4.22354e-05 0.127567
312 14.4465 23.2184 4.22354e-05 0.127567
313 14.4465 23.2184 4.22354e-05 0.127567
314 14.4465 23.2184 4.22354e-05 0.127567
315 14.4465 23.2184 4.22354e-05 0.127567
316 14.4465 23.2184 4.22354e-05 0.127567
317 14.4465 23.2184 4.22354e-05 0.127567
318 14.4465 23.2184 4.22354e-05 0.127567
319 14.4465 23.2184 4.22354e-05 0.127567
320 14.4465 23.2184 4.22354e-05 0.127567
321 14.4465 23.2184 4.22354e-05 0.127567
322 14.4465 23.2184 4.22354e-05 0.127567
323 14.4465 23.2184 4.22354e-05 0.127567
324 14.4465 23.2184 4.22354e-05 0.127567
325 14.4465 23.2184 4.22354e-05 0.127567
326 14.4465 23.2184 4.22354e-05 0.127567
327 14.4465 23.2184 4.22354e-05 0.127567
328 14.4465 23.2184 4.22354e-05 0.127567
329 14.4465 23.2184 4.22354e-05 0.127567
330 14.4465 23.2184 4.22354e-05 0.127567
331 14.4465 23.2184 4.22354e-05 0.127567
332 14.4465 23.2184 4.22354e-05 0.127567
333 14.4465 23.2184 4.22354e-05 0.127567
334 14.4465 23.2184 4.22354e-05 0.127567
335 14.4465 23.2184 4.22354e-05 0.127567
336 14.4465 23.2184 4.22354e-05 0.127567
337 14.4465 23.2184 4.22354e-05 0.127567
338 14.4465 23.2184 4.22354e-05 0.127567
339 14.4465 23.2184 4.22354e-05 0.127567
340 14.4465 23.2184 4.22354e-05 0.127567
341 14.4465 23.2184 4.22354e-05 0.127567
342 14.4465 23.2184 4.22354e-05 0.127567
343 14.4465 23.2184 4.22354e-05 0.127567
344 14.4465 23.2184 4.22354e-05 0.127567
345 14.4465 23.2184 4.22354e-05 0.127567
346 14.4465 23.2184 4.22354e-05 0.127567
347 14.4465 23.2184 4.22354e-05 0.127567
348 14.4465 23.2184 4.22354e-05 0.127567
349 14.4465 23.2184 4.22354e-05 0.127567
350 14.4465 23.2184 4.22354e-05 0.127567
351 14.4465 23.2184 4.22354e-05 0.127567
352 14.4465 23.2184 4.22354e-05 0.127567
353 14.4465 23.2184 4.22354e-05 0.127567
354 14.4465 23.2184 4.22354e-05 0.127567
355 14.4465 23.2184 4.22354e-05 0.127567
356 14.4465 23.2184 4.22354e-05 0.127567
357 14.4465 23.2184 4.22354e-05 0.127567
358 14.4465 23.2184 4.22354e-05 0.127567
359 14.4465 23.2184 4.22354e-05 0.127567
360 14.4465 23.2184 4.22354e-05 0.127567
361 14.4465 23.2184 4.22354e-05 0.127567
362 14.4465 23.2184 4.22354e-05 0.127567
363 14.4465 23.2184 4.22354e-05 0.127567
364 14.4465 23.2184 4.22354e-05 0.127567
365 14.4465 23.2184 4.22354e-05 0.127567
366 14.4465 23.2184 4.22354e-05 0.127567
367 14.4465 23.2184 4.22354e-05 0.127567
368 14.4465 23.2184 4.22354e-05 0.127567
369 14.4465 23.2184 4.22354e-05 0.127567
370 14.4465 23.2184 4.22354e-05 0.127567
371 14.4465 23.2184 4.22354e-05 0.127567
372 14.4465 23.2184 4.22354e-05 0.127567
373 14.4465 23.2184 4.22354e-05 0.127567
374 14.4465 23.2184 4.22354e-05 0.127567
375 14.4465 23.2184 4.22354e-05 0.127567
376 14.4465 23.2184 4.22354e-05 0.127567
377 14.4465 23.2184 4.22354e-05 0.127567
378 14.4465 23.2184 4.22354e-05 0.127567
379 14.4465 23.2184 4.22354e-05 0.127567
380 14.4465 23.2184 4.22354e-05 0.127567
381 14.4465 23.2184 4.22354e-05 0.127567
382 14.4465 23.2184 4.22354e-05 0.127567
383 14.4465 23.2184 4.22354e-05 0.127567
384 14.4465 23.2184 4.22354e-05 0.127567
385 14.4465 23.2184 4.22354e-05 0.127567
386 14.4465 23.2184 4.22354e-05 0.127567
387 14.4465 23.2184 4.22354e-05 0.127567
388 14.4465 23.2184 4.22354e-05 0.127567
389 14.4465 23.2184 4.22354e-05 0.127567
390 14.4465 23.2184 4.22354e-05 0.127567
391 14.4465 23.2184 4.22354e-05 0.127567
392 14.4465 23.2184 4.22354e-05 0.127567
393 14.4465 23.2184 4.22354e-05 0.127567
394 14.4465 23.2184 4.22354e-05 0.127567
395 14.4465 23.2184 4.22354e-05 0.127567
396 14.4465 23.2184 4.22354e-05 0.127567
397 14.4465 23.2184 4.22354e-05 0.127567
398 14.4465 23.2184 4.22354e-05 0.127567
399 14.4465 23.2184 4.22354e-05 0.127567
400 14.4465 23.2184 4.22354e-05 0.127567
401 14.4465 23.2184 4.22354e-05 0.127567
402 14.4465 23.2184 4.22354e-05 0.127567
403 14.4465 23.2184 4.22354e-05 0.127567
404 14.4465 23.2184 4.22354e-05 0.127567
405 14.4465 23.2184 4.22354e-05 0.127567
406 14.4465 23.2184 4.22354e-05 0.127567
407 14.4465 23.2184 4.22354e-05 0.127567
408 14.4465 23.2184 4.22354e-05 0.127567
409 14.4465 23.2184 4.22354e-05 0.127567
410 14.4465 23.2184 4.22354e-05 0.127567
411 14.4465 23.2184 4.22354e-05 0.127567
412 14.4465 23.2184 4.22354e-05 0.127567
413 14.4465 23.2184 4.22354e-05 0.127567
414 14.4465 23.2184 4.22354e-05 0.127567
415 14.4465 23.2184 4.22354e-05 0.127567
416 14.4465 23.2184 4.22354e-05 0.127567
417 14.4465 23.2184 4.22354e-05 0.127567
418 14.4465 23.2184 4.22354e-05 0.127567
419 14.4465 23.2184 4.22354e-05 0.127567
420 14.4465 23.2184 4.22354e-05 0.127567
421 14.4465 23.2184 4.22354e-05 0.127567
422 14.4465 23.2184 4.22354e-05 0.127567
423 14.4465 23.2184 4.22354e-05 0.127567
424 14.4465 23.2184 4.22354e-05 0.127567
425 14.4465 23.2184 4.22354e-05 0.127567
426 14.4465 23.2184 4.22354e-05 0.127567
427 14.4465 23.2184 4.22354e-05 0.127567
428 14.4465 23.2184 4.22354e-05 0.127567
429 14.4465 23.2184 4.22354e-05 0.127567
430 14.4465 23.2184 4.22354e-05 0.127567
431 14.4465 23.2184 4.22354e-05 0.127567
432 14.4465 23.2184 4.22354e-05 0.127567
433 14.4465 23.2184 4.22354e-05 0.127567
434 14.4465 23.2184 4.22354e-05 0.127567
435 14.4465 23.2184 4.22354e-05 0.127567
436 14.4465 23.2184 4.22354e-05 0.127567
437 14.4465 23.2184 4.22354e-05 0.127567
438 14.4465 23.2184 4.22354e-05 0.127567
439 14.4465 23.2184 4.22354e-05 0.127567
440 14.4465 23.2184 4.22354e-05 0.127567
441 14.4465 23.2184 4.22354e-05 0.127567
442 14.4465 23.2184 4.22354e-05 0.127567
443 14.4465 23.2184 4.22354e-05 0.127567
444 14.4465 23.2184 4.22354e-05 0.127567
445 14.4465 23.2184 4.22354e-05 0.127567
446 14.4465 23.2184 4.22354e-05 0.127567
447 14.4465 23.2184 4.22354e-05 0.127567
448 14.4465 23.2184 4.22354e-05 0.127567
449 14.4465 23.2184 4.22354e-05 0.127567
450 14.4465 23.2184 4.22354e-05 0.127567
451 14.4465 23.2184 4.22354e-05 0.127567
452 14.4465 23.2184 4.22354e-05 0.127567
453 14.4465 23.2184 4.22354e-05 0.127567
454 14.4465 23.2184 4.22354e-05 0.127567
455 14.4465 23.2184 4.22354e-05 0.127567
456 14.4465 23.2184 4.22354e-05 0.127567
457 14.4465 23.2184 4.22354e-05 0.127567
458 14.4465 23.2184 4.22354e-05 0.127567
459 14.4465 23.2184 4.22354e-05 0.127567
460 14.4465 23.2184 4.22354e-05 0.127567
461 14.4465 23.2184 4.22354e-05 0.127567
462 14.4465 23.2184 4.22354e-05 0.127567
463 14.4465 23.2184 4.22354e-05 0.127567
464 14.4465 23.2184 4.22354e-05 0.127567
465 14.4465 23.2184 4.22354e-05 0.127567
466 14.4465 23.2184 4.22354e-05 0.127567
467 14.4465 23.2184 4.22354e-05 0.127567
468 14.4465 23.2184 4.22354e-05 0.127567
469 14.4465 23.2184 4.22354e-05 0.127567
470 14.4465 23.2184 4.22354e-05 0.127567
471 14.4465 23.2184 4.22354e-05 0.127567
472 14.4465 23.2184 4.22354e-05 0.127567
473 14.4465 23.2184 4.22354e-05 0.127567
474 14.4465 23.2184 4.22354e-05 0.127567
475 14.4465 23.2184 4.22354e-05 0.127567
476 14.4465 23.2184 4.22354e-05 0.127567
477 14.4465 23.2184 4.22354e-05 0.127567
478 14.4465 23.2184 4.22354e-05 0.127567
479 14.4465 23.2184 4.22354e-05 0.127567
480 14.4465 23.2184 4.22354e-05 0.127567
481 14.4465 23.2184 4.22354e-05 0.127567
482 14.4465 23.2184 4.22354e-05 0.127567
483 14.4465 23.2184 4.22354e-05 0.127567
484 14.4465 23.2184 4.22354e-05 0.127567
485 14.4465 23.2184 4.22354e-05 0.127567
486 14.4465 23.2184 4.22354e-05 0.127567
487 14.4465 23.2184 4.22354e-05 0.127567
488 14.4465 23.2184 4.22354e-05 0.127567
489 14.4465 23.2184 4.22354e-05 0.127567
490 14.4465 23.2184 4.22354e-05 0.127567
491 14.4465 23.2184 4.22354e-05 0.127567
492 14.4465 23.2184 4.22354e-05 0.127567
493 14.4465 23.2184 4.22354e-05 0.127567
494 14.4465 23.2184 4.22354e-05 0.127567
495 14.4465 23.2184 4.22354e-05 0.127567
496 14.4465 23.2184 4.22354e-05 0.127567
497 14.4465 23.2184 4.22354e-05 0.127567
498 14.4465 23.2184 4.22354e-05 0.127567
499 14.4465 23.2184 4.22354e-05 0.127567
500 14.4465 23.2184 4.22354e-05 0.127567
501 14.4465 23.2184 4.22354e-05 0.127567
502 14.4465 23.2184 4.22354e-05 0.127567
503 14.4465 23.2184 4.22354e-05 0.127567
504 14.4465 23.2184 4.22354e-05 0.127567
505 14.4465 23.2184 4.22354e-05 0.127567
506 14.4465 23.2184 4.22354e-05 0.127567
507 14.4465 23.2184 4.22354e-05 0.127567
508 14.4465 23.2184 4.22354e-05 0.127567
509 14.4465 23.2184 4.22354e-05 0.127567
510 14.4465 23.2184 4.22354e-05 0.127567
511 14.4465 23.2184 4.22354e-05 0.127567
512 14.4465 23.2184 4.22354e-05 0.127567
513 14.4465 23.2184 4.22354e-05 0.127567
514 14.4465 23.2184 4.22354e-05 0.127567
515 14.4465 23.2184 4.22354e-05 0.127567
516 14.4465 23.2184 4.22354e-05 0.127567
517 14.4465 23.2184 4.22354e-05 0.127567
518 14.4465 23.2184 4.22354e-05 0.127567
519 14.4465 23.2184 4.22354e-05 0.127567
520 14.4465 23.2184 4.22354e-05 0.127567
521 14.4465 23.2184 4.22354e-05 0.127567
522 14.4465 23.2184 4.22354e-05 0.127567
523 14.4465 23.2184 4.22354e-05 0.127567
524 14.4465 23.2184 4.22354e-05 0.127567
525 14.4465 23.2184 4.22354e-05 0.127567
526 14.4465 23.2184 4.22354e-05 0.127567
527 14.4465 23.2184 4.22354e-05 0.127567
528 14.4465 23.2184 4.22354e-05 0.127567
529 14.4465 23.2184 4.22354e-05 0.127567
530 14.4465 23.2184 4.22354e-05 0.127567
531 14.4465 23.2184 4.22354e-05 0.127567
532 14.4465 23.2184 4.22354e-05 0.127567
533 14.4465 23.2184 4.22354e-05 0.127567
534 14.4465 23.2184 4.22354e-05 0.127567
535 14.4465 23.2184 4.22354e-05 0.127567
536 14.4465 23.2184 4.22354e-05 0.127567
537 14.4465 23.2184 4.22354e-05 0.127567
538 14.4465 23.2184 4.22354e-05 0.127567
539 14.4465 23.2184 4.22354e-05 0.127567
540 14.4465 23.2184 4.22354e-05 0.127567
541 14.4465 23.2184 4.22354e-05 0.127567
542 14.4465 23.2184 4.22354e-05 0.127567
543 14.4465 23.2184 4.22354e-05 0.127567
544 14.4465 23.2184 4.22354e-05 0.127567
545 14.4465 23.2184 4.22354e-05 0.127567
546 14.4465 23.2184 4.22354e-05 0.127567
547 14.4465 23.2184 4.22354e-05 0.127567
548 14.4465 23.2184 4.22354e-05 0.127567
549 14.4465 23.2184 4.22354e-05 0.127567
550 14.4465 23.2184 4.22354e-05 0.127567
551 14.4465 23.2184 4.22354e-05 0.127567
552 14.4465 23.2184 4.22354e-05 0.127567
553 14.4465 23.2184 4.22354e-05 0.127567
554 14.4465 23.2184 4.22354e-05 0.127567
555 14.4465 23.2184 4.22354e-05 0.127567
556 14.4465 23.2184 4.22354e-05 0.127567
557 14.4465 23.2184 4.22354e-05 0.127567
558 14.4465 23.2184 4.22354e-05 0.127567
559 14.4465 23.2184 4.22354e-05 0.127567
560 14.4465 23.2184 4.22354e-05 0.127567
561 14.4465 23.2184 4.22354e-05 0.127567
562 14.4465 23.2184 4.22354e-05 0.127567
563 14.4465 23.2184 4.22354e-05 0.127567
564 14.4465 23.2184 4.22354e-05 0.127567
565 14.4465 23.2184 4.22354e-05 0.127567
566 14.4465 23.2184 4.22354e-05 0.127567
567 14.4465 23.2184 4.22354e-05 0.127567
568 14.4465 23.2184 4.22354e-05 0.127567
569 14.4465 23.2184 4.22354e-05 0.127567
570 14.4465 23.2184 4.22354e-05 0.127567
571 14.4465 23.2184 4.22354e-05 0.127567
572 14.4465 23.2184 4.22354e-05 0.127567
573 14.4465 23.2184 4.22354e-05 0.127567
574 14.4465 23.2184 4.22354e-05 0.127567
575 14.4465 23.2184 4.22354e-05 0.127567
576 14.4465 23.2184 4.22354e-05 0.127567
577 14.4465 23.2184 4.22354e-05 0.127567
578 14.4465 23.2184 4.22354e-05 0.127567
579 14.4465 23.2184 4.22354e-05 0.127567
580 14.4465 23.2184 4.22354e-05 0.127567
581 14.4465 23.2184 4.22354e-05 0.127567
582 14.4465 23.2184 4.22354e-05 0.127567
583 14.4465 23.2184 4.22354e-05 0.127567
584 14.4465 23.2184 4.22354e-05 0.127567
585 14.4465 23.2184 4.22354e-05 0.127567
586 14.4465 23.2184 4.22354e-05 0.127567
587 14.4465 23.2184 4.22354e-05 0.127567
588 14.4465 23.2184 4.22354e-05 0.127567
589 14.4465 23.2184 4.22354e-05 0.127567
590 14.4465 23.2184 4.22354e-05 0.127567
591 14.4465 23.2184 4.22354e-05 0.127567
592 14.4465 23.2184 4.22354e-05 0.127567
593 14.4465 23.2184 4.22354e-05 0.127567
594 14.4465 23.2184 4.22354e-05 0.127567
595 14.4465 23.2184 4.22354e-05 0.127567
596 14.4465 23.2184 4.22354e-05 0.127567
597 14.4465 23.2184 4.22354e-05 0.127567
598 14.4465 23.2184 4.22354e-05 0.127567
599 14.4465 23.2184 4.22354e-05 0.127567
600 14.4465 23.2184 4.22354e-05 0.127567
601 14.4465 23.2184 4.22354e-05 0.127567
602 14.4465 23.2184 4.22354e-05 0.127567
603 14.4465 23.2184 4.22354e-05 0.127567
604 14.4465 23.2184 4.22354e-05 0.127567
605 14.4465 23.2184 4.22354e-05 0.127567
606 14.4465 23.2184 4.22354e-05 0.127567
607 14.4465 23.2184 4.22354e-05 0.127567
608 14.4465 23.2184 4.22354e-05 0.127567
609 14.4465 23.2184 4.22354e-05 0.127567
610 14.4465 23.2184 4.22354e-05 0.127567
611 14.4465 23.2184 4.22354e-05 0.127567
612 14.4465 23.2184 4.22354e-05 0.127567
613 14.4465 23.2184 4.22354e-05 0.127567
614 14.4465 23.2184 4.22354e-05 0.127567
615 14.4465 23.2184 4.22354e-05 0.127567
616 14.4465 23.2184 4.22354e-05 0.127567
617 14.4465 23.2184 4.22354e-05 0.127567
618 14.4465 23.2184 4.22354e-05 0.127567
619 14.4465 23.2184 4.22354e-05 0.127567
620 14.4465 23.2184 4.22354e-05 0.127567
621 14.4465 23.2184 4.22354e-05 0.127567
622 14.4465 23.2184 4.22354e-05 0.127567
623 14.4465 23.2184 4.22354e-05 0.127567
624 14.4465 23.2184 4.22354e-05 0.127567
625 14.4465 23.2184 4.22354e-05 0.127567
626 14.4465 23.2184 4.22354e-05 0.127567
627 14.4465 23.2184 4.22354e-05 0.127567
628 14.4465 23.2184 4.22354e-05 0.127567
629 14.4465 23.2184 4.22354e-05 0.127567
630 14.4465 23.2184 4.22354e-05 0.127567
631 14.4465 23.2184 4.22354e-05 0.127567
632 14.4465 23.2184 4.22354e-05 0.127567
633 14.4465 23.2184 4.22354e-05 0.127567
634 14.4465 23.2184 4.22354e-05 0.127567
635 14.4465 23.2184 4.22354e-05 0.127567
636 14.4465 23.2184 4.22354e-05 0.127567
637 14.4465 23.2184 4.22354e-05 0.127567
638 14.4465 23.2184 4.22354e-05 0.127567
639 14.4465 23.2184 4.22354e-05 0.127567
640 14.4465 23.2184 4.22354e-05 0.127567
641 14.4465 23.2184 4.22354e-05 0.127567
642 14.4465 23.2184 4.22354e-05 0.127567
643 14.4465 23.2184 4.22354e-05 0.127567
644 14.4465 23.2184 4.22354e-05 0.127567
645 14.4465 23.2184 4.22354e-05 0.127567
646 14.4465 23.2184 4.22354e-05 0.127567
647 14.4465 23.2184 4.22354e-05 0.127567
648 14.4465 23.2184 4.22354e-05 0.127567
649 14.4465 23.2184 4.22354e-05 0.127567
650 14.4465 23.2184 4.22354e-05 0.127567
651 14.4465 23.2184 4.22354e-05 0.127567
652 14.4465 23.2184 4.22354e-05 0.127567
653 14.4465 23.2184 4.22354e-05 0.127567
654 14.4465 23.2184 4.22354e-05 0.127567
655 14.4465 23.2184 4.22354e-05 0.127567
656 14.4465 23.2184 4.22354e-05 0.127567
657 14.4465 23.2184 4.22354e-05 0.127567
658 14.4465 23.2184 4.22354e-05 0.127567
659 14.4465 23.2184 4.22354e-05 0.127567
660 14.4465 23.2184 4.22354e-05 0.127567
661 14.4465 23.2184 4.22354e-05 0.127567
662 14.4465 23.2184 4.22354e-05 0.127567
663 14.4465 23.2184 4.22354e-05 0.127567
664 14.4465 23.2184 4.22354e-05 0.127567
665 14.4465 23.2184 4.22354e-05 0.127567
666 14.4465 23.2184 4.22354e-05 0.127567
667 14.4465 23.2184 4.22354e-05 0.127567
668 14.4465 23.2184 4.22354e-05 0.127567
669 14.4465 23.2184 4.22354e-05 0.127567
670 14.4465 23.2184 4.22354e-05 0.127567
671 14.4465 23.2184 4.22354e-05 0.127567
672 14.4465 23.2184 4.22354e-05 0.127567
673 14.4465 23.2184 4.22354e-05 0.127567
674 14.4465 23.2184 4.22354e-05 0.127567
675 14.4465 23.2184 4.22354e-05 0.127567
676 14.4465 23.2184 4.22354e-05 0.127567
677 14.4465 23.2184 4.22354e-05 0.127567
678 14.4465 23.2184 4.22354e-05 0.127567
679 14.4465 23.2184 4.22354e-05 0.127567
680 14.4465 23.2184 4.22354e-05 0.127567
681 14.4465 23.2184 4.22354e-05 0.127567
682 14.4465 23.2184 4.22354e-05 0.127567
683 14.4465 23.2184 4.22354e-05 0.127567
684 14.4465 23.2184 4.22354e-05 0.127567
685 14.4465 23.2184 4.22354e-05 0.127567
686 14.4465 23.2184 4.22354e-05 0.127567
687 14.4465 23.2184 4.22354e-05 0.127567
688 14.4465 23.2184 4.22354e-05 0.127567
689 14.4465 23.2184 4.22354e-05 0.127567
690 14.4465 23.2184 4.22354e-05 0.127567
691 14.4465 23.2184 4.22354e-05 0.127567
692 14.4465 23.2184 4.22354e-05 0.127567
693 14.4465 23.2184 4.22354e-05 0.127567
694 14.4465 23.2184 4.22354e-05 0.127567
695 14.4465 23.2184 4.22354e-05 0.127567
696 14.4465 23.2184 4.22354e-05 0.127567
697 14.4465 23.2184 4.22354e-05 0.127567
698 14.4465 23.2184 4.22354e-05 0.127567
699 14.4465 23.2184 4.22354e-05 0.127567
700 14.4465 23.2184 4.22354e-05 0.127567
701 14.4465 23.2184 4.22354e-05 0.127567
702 14.4465 23.2184 4.22354e-05 0.127567
703 14.4465 23.2184 4.22354e-05 0.127567
704 14.4465 23.2184 4.22354e-05 0.127567
705 14.4465 23.2184 4.22354e-05 0.127567
706 14.4465 23.2184 4.22354e-05 0.127567
707 14.4465 23.2184 4.22354e-05 0.127567
708 14.4465 23.2184 4.22354e-05 0.127567
709 14.4465 23.2184 4.22354e-05 0.127567
710 14.4465 23.2184 4.22354e-05 0.127567
711 14.4465 23.2184 4.22354e-05 0.127567
712 14.4465 23.2184 4.22354e-05 0.127567
713 14.4465 23.2184 4.22354e-05 0.127567
714 14.4465 23.2184 4.22354e-05 0.127567
715 14.4465 23.2184 4.22354e-05 0.127567
716 14.4465 23.2184 4.22354e-05 0.127567
717 14.4465 23.2184 4.22354e-05 0.127567
718 14.4465 23.2184 4.22354e-05 0.127567
719 14.4465 23.2184 4.22354e-05 0.127567
720 14.4465 23.2184 4.22354e-05 0.127567
721 14.4465 23.2184 4.22354e-05 0.127567
722 14.4465 23.2184 4.22354e-05 0.127567
723 14.4465 23.2184 4.22354e-05 0.127567
724 14.4465 23.2184 4.22354e-05 0.127567
725 14.4465 23.2184 4.22354e-05 0.127567
726 14.4465 23.2184 4.22354e-05 0.127567
727 14.4465 23.2184 4.22354e-05 0.127567
728 14.4465 23.2184 4.22354e-05 0.127567
729 14.4465 23.2184 4.22354e-05 0.127567
730 14.4465 23.2184 4.22354e-05 0.127567
731 14.4465 23.2184 4.22354e-05 0.127567
732 14.4465 23.2184 4.22354e-05 0.127567
733 14.4465 23.2184 4.22354e-05 0.127567
734 14.4465 23.2184 4.22354e-05 0.127567
735 14.4465 23.2184 4.22354e-05 0.127567
736 14.4465 23.2184 4.22354e-05 0.127567
737 14.4465 23.2184 4.22354e-05 0.127567
738 14.4465 23.2184 4.22354e-05 0.127567
739 14.4465 23.2184 4.22354e-05 0.127567
740 14.4465 23.2184 4.22354e-05 0.127567
741 14.4465 23.2184 4.22354e-05 0.127567
742 14.4465 23.2184 4.22354e-05 0.127567
743 14.4465 23.2184 4.22354e-05 0.127567
744 14.4465 23.2184 4.22354e-05 0.127567
745 14.4465 23.2184 4.22354e-05 0.127567
746 14.4465 23.2184 4.22354e-05 0.127567
747 14.4465 23.2184 4.22354e-05 0.127567
748 14.4465 23.2184 4.22354e-05 0.127567
749 14.4465 23.2184 4.22354e-05 0.127567
750 14.4465 23.2184 4.22354e-05 0.127567
751 14.4465 23.2184 4.22354e-05 0.127567
752 14.4465 23.2184 4.22354e-05 0.127567
753 14.4465 23.2184 4.22354e-05 0.127567
754 14.4465 23.2184 4.22354e-05 0.127567
755 14.4465 23.2184 4.22354e-05 0.127567
756 14.4465 23.2184 4.22354e-05 0.127567
757 14.4465 23.2184 4.22354e-05 0.127567
758 14.4465 23.2184 4.22354e-05 0.127567
759 14.4465 23.2184 4.22354e-05 0.127567
760 14.4465 23.2184 4.22354e-05 0.127567
761 14.4465 23.2184 4.22354e-05 0.127567
762 14.4465 23.2184 4.22354e-05 0.127567
763 14.4465 23.2184 4.22354e-05 0.127567
764 14.4465 23.2184 4.22354e-05 0.127567
765 14.4465 23.2184 4.22354e-05 0.127567
766 14.4465 23.2184 4.22354e-05 0.127567
767 14.4465 23.2184 4.22354e-05 0.127567
768 14.4465 23.2184 4.22354e-05 0.127567
769 14.4465 23.2184 4.22354e-05 0.127567
770 14.4465 23.2184 4.22354e-05 0.127567
771 14.4465 23.2184 4.22354e-05 0.127567
772 14.4465 23.2184 4.22354e-05 0.127567
773 14.4465 23.2184 4.22354e-05 0.127567
774 14.4465 23.2184 4.22354e-05 0.127567
775 14.4465 23.2184 4.22354e-05 0.127567
776 14.4465 23.2184 4.22354e-05 0.127567
777 14.4465 23.2184 4.22354e-05 0.127567
778 14.4465 23.2184 4.22354e-05 0.127567
779 14.4465 23.2184 4.22354e-05 0.127567
780 14.4465 23.2184 4.22354e-05 0.127567
781 14.4465 23.2184 4.22354e-05 0.127567
782 14.4465 23.2184 4.22354e-05 0.127567
783 14.4465 23.2184 4.22354e-05 0.127567
784 14.4465 23.2184 4.22354e-05 0.127567
785 14.4465 23.2184 4.22354e-05 0.127567
786 14.4465 23.2184 4.22354e-05 0.127567
787 14.4465 23.2184 4.22354e-05 0.127567
788 14.4465 23.2184 4.22354e-05 0.127567
789 14.4465 23.2184 4.22354e-05 0.127567
790 14.4465 23.2184 4.22354e-05 0.127567
791 14.4465 23.2184 4.22354e-05 0.127567
792 14.4465 23.2184 4.22354e-05 0.127567
793 14.4465 23.2184 4.22354e-05 0.127567
794 14.4465 23.2184 4.22354e-05 0.127567
795 14.4465 23.2184 4.22354e-05 0.127567
796 14.4465 23.2184 4.22354e-05 0.127567
797 14.4465 23.2184 4.22354e-05 0.127567
798 14.4465 23.2184 4.22354e-05 0.127567
799 14.4465 23.2184 4.22354e-05 0.127567
800 14.4465 23.2184 4.22354e-05 0.127567
801 14.4465 23.2184 4.22354e-05 0.127567
802 14.4465 23.2184 4.22354e-05 0.127567
803 14.4465 23.2184 4.22354e-05 0.127567
804 14.4465 23.2184 4.22354e-05 0.127567
805 14.4465 23.2184 4.22354e-05 0.127567
806 14.4465 23.2184 4.22354e-05 0.127567
807 14.4465 23.2184 4.22354e-05 0.127567
808 14.4465 23.2184 4.22354e-05 0.127567
809 14.4465 23.2184 4.22354e-05 0.127567
810 14.4465 23.2184 4.22354e-05 0.127567
811 14.4465 23.2184 4.22354e-05 0.127567
812 14.4465 23.2184 4.22354e-05 0.127567
813 14.4465 23.2184 4.22354e-05 0.127567
814 14.4465 23.2184 4.22354e-05 0.127567
815 14.4465 23.2184 4.22354e-05 0.127567
816 14.4465 23.2184 4.22354e-05 0.127567
817 14.4465 23.2184 4.22354e-05 0.127567
818 14.4465 23.2184 4.22354e-05 0.127567
819 14.4465 23.2184 4.22354e-05 0.127567
820 14.4465 23.2184 4.22354e-05 0.127567
821 14.4465 23.2184 4.22354e-05 0.127567
822 14.4465 23.2184 4.22354e-05 0.127567
823 14.4465 23.2184 4.22354e-05 0.127567
824 14.4465 23.2184 4.22354e-05 0.127567
825 14.4465 23.2184 4.22354e-05 0.127567
826 14.4465 23.2184 4.22354e-05 0.127567
827 14.4465 23.2184 4.22354e-05 0.127567
828 14.4465 23.2184 4.22354e-05 0.127567
829 14.4465 23.2184 4.22354e-05 0.127567
830 14.4465 23.2184 4.22354e-05 0.127567
831 14.4465 23.2184 4.22354e-05 0.127567
832 14.4465 23.2184 4.22354e-05 0.127567
833 14.4465 23.2184 4.22354e-05 0.127567
834 14.4465 23.2184 4.22354e-05 0.127567
835 14.4465 23.2184 4.22354e-05 0.127567
836 14.4465 23.2184 4.22354e-05 0.127567
837 14.4465 23.2184 4.22354e-05 0.127567
838 14.4465 23.2184 4.22354e-05 0.127567
839 14.4465 23.2184 4.22354e-05 0.127567
840 14.4465 23.2184 4.22354e-05 0.127567
841 14.4465 23.2184 4.22354e-05 0.127567
842 14.4465 23.2184 4.22354e-05 0.127567
843 14.4465 23.2184 4.22354e-05 0.127567
844 14.4465 23.2184 4.22354e-05 0.127567
845 14.4465 23.2184 4.22354e-05 0.127567
846 14.4465 23.2184 4.22354e-05 0.127567
847 14.4465 23.2184 4.22354e-05 0.127567
848 14.4465 23.2184 4.22354e-05 0.127567
849 14.4465 23.2184 4.22354e-05 0.127567
850 14.4465 23.2184 4.22354e-05 0.127567
851 14.4465 23.2184 4.22354e-05 0.127567
852 14.4465 23.2184 4.22354e-05 0.127567
853 14.4465 23.2184 4.22354e-05 0.127567
854 14.4465 23.2184 4.22354e-05 0.127567
855 14.4465 23.2184 4.22354e-05 0.127567
856 14.4465 23.2184 4.22354e-05 0.127567
857 14.4465 23.2184 4.22354e-05 0.127567
858 14.4465 23.2184 4.22354e-05 0.127567
859 14.4465 23.2184 4.22354e-05 0.127567
860 14.4465 23.2184 4.22354e-05 0.127567
861 14.4465 23.2184 4.22354e-05 0.127567
862 14.4465 23.2184 4.22354e-05 0.127567
863 14.4465 23.2184 4.22354e-05 0.127567
864 14.4465 23.2184 4.22354e-05 0.127567
865 14.4465 23.2184 4.22354e-05 0.127567
866 14.4465 23.2184 4.22354e-05 0.127567
867 14.4465 23.2184 4.22354e-05 0.127567
868 14.4465 23.2184 4.22354e-05 0.127567
869 14.4465 23.2184 4.22354e-05 0.127567
870 14.4465 23.2184 4.22354e-05 0.127567
871 14.4465 23.2184 4.22354e-05 0.127567
872 14.4465 23.2184 4.22354e-05 0.127567
873 14.4465 23.2184 4.22354e-05 0.127567
874 14.4465 23.2184 4.22354e-05 0.127567
875 14.4465 23.2184 4.22354e-05 0.127567
876 14.4465 23.2184 4.22354e-05 0.127567
877 14.4465 23.2184 4.22354e-05 0.127567
878 14.4465 23.2184 4.22354e-05 0.127567
879 14.4465 23.2184 4.22354e-05 0.127567
880 14.4465 23.2184 4.22354e-05 0.127567
881 14.4465 23.2184 4.22354e-05 0.127567
882 14.4465 23.2184 4.22354e-05 0.127567
883 14.4465 23.2184 4.22354e-05 0.127567
884 14.4465 23.2184 4.22354e-05 0.127567
885 14.4465 23.2184 4.22354e-05 0.127567
886 14.4465 23.2184 4.22354e-05 0.127567
887 14.4465 23.2184 4.22354e-05 0.127567
888 14.4465 23.2184 4.22354e-05 0.127567
889 14.4465 23.2184 4.22354e-05 0.127567
890 14.4465 23.2184 4.22354e-05 0.127567
891 14.4465 23.2184 4.22354e-05 0.127567
892 14.4465 23.2184 4.22354e-05 0.127567
893 14.4465 23.2184 4.22354e-05 0.127567
894 14.4465 23.2184 4.22354e-05 0.127567
895 14.4465 23.2184 4.22354e-05 0.127567
896 14.4465 23.2184 4.22354e-05 0.127567
897 14.4465 23.2184 4.22354e-05 0.127567
898 14.4465 23.2184 4.22354e-05 0.127567
899 14.4465 23.2184 4.22354e-05 0.127567
900 14.4465 23.2184 4.22354e-05 0.127567
901 14.4465 23.2184 4.22354e-05 0.127567
902 14.4465 23.2184 4.22354e-05 0.127567
903 14.4465 23.2184 4.22354e-05 0.127567
904 14.4465 23.2184 4.22354e-05 0.127567
905 14.4465 23.2184 4.22354e-05 0.127567
906 14.4465 23.2184 4.22354e-05 0.127567
907 14.4465 23.2184 4.22354e-05 0.127567
908 14.4465 23.2184 4.22354e-05 0.127567
909 14.4465 23.2184 4.22354e-05 0.127567
910 14.4465 23.2184 4.22354e-05 0.127567
911 14.4465 23.2184 4.22354e-05 0.127567
912 14.4465 23.2184 4.22354e-05 0.127567
913 14.4465 23.2184 4.22354e-05 0.127567
914 14.4465 23.2184 4.22354e-05 0.127567
915 14.4465 23.2184 4.22354e-05 0.127567
916 14.4465 23.2184 4.22354e-05 0.127567
917 14.4465 23.2184 4.22354e-05 0.127567
918 14.4465 23.2184 4.22354e-05 0.127567
919 14.4465 23.2184 4.22354e-05 0.127567
920 14.4465 23.2184 4.22354e-05 0.127567
921 14.4465 23.2184 4.22354e-05 0.127567
922 14.4465 23.2184 4.22354e-05 0.127567
923 14.4465 23.2184 4.22354e-05 0.127567
924 14.4465 23.2184 4.22354e-05 0.127567
925 14.4465 23.2184 4.22354e-05 0.127567
926 14.4465 23.2184 4.22354e-05 0.127567
927 14.4465 23.2184 4.22354e-05 0.127567
928 14.4465 23.2184 4.22354e-05 0.127567
929 14.4465 23.2184 4.22354e-05 0.127567
930 14.4465 23.2184 4.22354e-05 0.127567
931 14.4465 23.2184 4.22354e-05 0.127567
932 14.4465 23.2184 4.22354e-05 0.127567
933 14.4465 23.2184 4.22354e-05 0.127567
934 14.4465 23.2184 4.22354e-05 0.127567
935 14.4465 23.2184 4.22354e-05 0.127567
936 14.4465 23.2184 4.22354e-05 0.127567
937 14.4465 23.2184 4.22354e-05 0.127567
938 14.4465 23.2184 4.22354e-05 0.127567
939 14.4465 23.2184 4.22354e-05 0.127567
940 14.4465 23.2184 4.22354e-05 0.127567
941 14.4465 23.2184 4.22354e-05 0.127567
942 14.4465 23.2184 4.22354e-05 0.127567
943 14.4465 23.2184 4.22354e-05 0.127567
944 14.4465 23.2184 4.22354e-05 0.127567
945 14.4465 23.2184 4.22354e-05 0.127567
946 14.4465 23.2184 4.22354e-05 0.127567
947 14.4465 23.2184 4.22354e-05 0.127567
948 14.4465 23.2184 4.22354e-05 0.127567
949 14.4465 23.2184 4.22354e-05 0.127567
950 14.4465 23.2184 4.22354e-05 0.127567
951 14.4465 23.2184 4.22354e-05 0.127567
952 14.4465 23.2184 4.22354e-05 0.127567
953 14.4465 23.2184 4.22354e-05 0.127567
954 14.4465 23.2184 4.22354e-05 0.127567
955 14.4465 23.2184 4.22354e-05 0.127567
956 14.4465 23.2184 4.22354e-05 0.127567
957 14.4465 23.2184 4.22354e-05 0.127567
958 14.4465 23.2184 4.22354e-05 0.127567
959 14.4465 23.2184 4.22354e-05 0.127567
960 14.4465 23.2184 4.22354e-05 0.127567
961 14.4465 23.2184 4.22354e-05 0.127567
962 14.4465 23.2184 4.22354e-05 0.127567
963 14.4465 23.2184 4.22354e-05 0.127567
964 14.4465 23.2184 4.22354e-05 0.127567
965 14.4465 23.2184 4.22354e-05 0.127567
966 14.4465 23.2184 4.22354e-05 0.127567
967 14.4465 23.2184 4.22354e-05 0.127567
968 14.4465 23.2184 4.22354e-05 0.127567
969 14.4465 23.2184 4.22354e-05 0.127567
970 14.4465 23.2184 4.22354e-05 0.127567
971 14.4465 23.2184 4.22354e-05 0.127567
972 14.4465 23.2184 4.22354e-05 0.127567
973 14.4465 23.2184 4.22354e-05 0.127567
974 14.4465 23.2184 4.22354e-05 0.127567
975 14.4465 23.2184 4.22354e-05 0.127567
976 14.4465 23.2184 4.22354e-05 0.127567
977 14.4465 23.2184 4.22354e-05 0.127567
978 14.4465 23.2184 4.22354e-05 0.127567
979 14.4465 23.2184 4.22354e-05 0.127567
980 14.4465 23.2184 4.22354e-05 0.127567
981 14.4465 23.2184 4.22354e-05 0.127567
982 14.4465 23.2184 4.22354e-05 0.127567
983 14.4465 23.2184 4.22354e-05 0.127567
984 14.4465 23.2184 4.22354e-05 0.127567
985 14.4465 23.2184 4.22354e-05 0.127567
986 14.4465 23.2184 4.22354e-05 0.127567
987 14.4465 23.2184 4.22354e-05 0.127567
988 14.4465 23.2184 4.22354e-05 0.127567
989 14.4465 23.2184 4.22354e-05 0.127567
990 14.4465 23.2184 4.22354e-05 0.127567
991 14.4465 23.2184 4.22354e-05 0.127567
992 14.4465 23.2184 4.22354e-05 0.127567
993 14.4465 23.2184 4.22354e-05 0.127567
994 14.4465 23.2184 4.22354e-05 0.127567
995 14.4465 23.2184 4.22354e-05 0.127567
996 14.4465 23.2184 4.22354e-05 0.127567
997 14.4465 23.2184 4.22354e-05 0.127567
998 14.4465 23.2184 4.22354e-05 0.127567
999 14.4465 23.2184 4.22354e-05 0.127567
1000 14.4465 23.2184 4.22354e-05 0.127567
1001 14.4465 23.2184 4.22354e-05 0.127567
1002 14.4465 23.2184 4.22354e-05 0.127567
1003 14.4465 23.2184 4.22354e-05 0.127567
1004 14.4465 23.2184 4.22354e-05 0.127567
1005 14.4465 23.2184 4.22354e-05 0.127567
1006 14.4465 23.2184 4.22354e-05 0.127567
1007 14.4465 23.2184 4.22354e-05 0.127567
1008 14.4465 23.2184 4.22354e-05 0.127567
1009 14.4465 23.2184 4.22354e-05 0.127567
1010 14.4465 23.2184 4.22354e-05 0.127567
1011 14.4465 23.2184 4.22354e-05 0.127567
1012 14.4465 23.2184 4.22354e-05 0.127567
1013 14.4465 23.2184 4.22354e-05 0.127567
1014 14.4465 23.2184 4.22354e-05 0.127567
1015 14.4465 23.2184 4.22354e-05 0.127567
1016 14.4465 23.2184 4.22354e-05 0.127567
1017 14.4465 23.2184 4.22354e-05 0.127567
1018 14.4465 23.2184 4.22354e-05 0.127567
1019 14.4465 23.2184 4.22354e-05 0.127567
1020 14.4465 23.2184 4.22354e-05 0.127567
1021 14.4465 23.2184 4.22354e-05 0.127567
1022 14.4465 23.2184 4.22354e-05 0.127567
1023 14.4465 23.2184 4.22354e-05 0.127567
1024 14.4465 23.2184 4.22354e-05 0.127567
1025 14.4465 23.2184 4.22354e-05 0.127567
1026 14.4465 23.2184 4.22354e-05 0.127567
1027 14.4465 23.2184 4.22354e-05 0.127567
1028 14.4465 23.2184 4.22354e-05 0.127567
1029 14.4465 23.2184 4.22354e-05 0.127567
1030 14.4465 23.2184 4.22354e-05 0.127567
1031 14.4465 23.2184 4.22354e-05 0.127567
1032 14.4465 23.2184 4.22354e-05 0.127567
1033 14.4465 23.2184 4.22354e-05 0.127567
1034 14.4465 23.2184 4.22354e-05 0.127567
1035 14.4465 23.2184 4.22354e-05 0.127567
1036 14.4465 23.2184 4.22354e-05 0.127567
1037 14.4465 23.2184 4.22354e-05 0.127567
1038 14.4465 23.2184 4.22354e-05 0.127567
1039 14.4465 23.2184 4.22354e-05 0.127567
1040 14.4465 23.2184 4.22354e-05 0.127567
1041 14.4465 23.2184 4.22354e-05 0.127567
1042 14.4465 23.2184 4.22354e-05 0.127567
1043 14.4465 23.2184 4.22354e-05 0.127567
1044 14.4465 23.2184 4.22354e-05 0.127567
1045 14.4465 23.2184 4.22354e-05 0.127567
1046 14.4465 23.2184 4.22354e-05 0.127567
1047 14.4465 23.2184 4.22354e-05 0.127567
1048 14.4465 23.2184 4.22354e-05 0.127567
1049 14.4465 23.2184 4.22354e-05 0.127567
1050 14.4465 23.2184 4.22354e-05 0.127567
1051 14.4465 23.2184 4.22354e-05 0.127567
1052 14.4465 23.2184 4.22354e-05 0.127567
1053 14.4465 23.2184 4.22354e-05 0.127567
1054 14.4465 23.2184 4.22354e-05 0.127567
1055 14.4465 23.2184 4.22354e-05 0.127567
1056 14.4465 23.2184 4.22354e-05 0.127567
1057 14.4465 23.2184 4.22354e-05 0.127567
1058 14.4465 23.2184 4.22354e-05 0.127567
1059 14.4465 23.2184 4.22354e-05 0.127567
1060 14.4465 23.2184 4.22354e-05 0.127567
1061 14.4465 23.2184 4.22354e-05 0.127567
1062 14.4465 23.2184 4.22354e-05 0.127567
1063 14.4465 23.2184 4.22354e-05 0.127567
1064 14.4465 23.2184 4.22354e-05 0.127567
1065 14.4465 23.2184 4.22354e-05 0.127567
1066 14.4465 23.2184 4.22354e-05 0.127567
1067 14.4465 23.2184 4.22354e-05 0.127567
1068 14.4465 23.2184 4.22354e-05 0.127567
1069 14.4465 23.2184 4.22354e-05 0.127567
1070 14.4465 23.2184 4.22354e-05 0.127567
1071 14.4465 23.2184 4.22354e-05 0.127567
1072 14.4465 23.2184 4.22354e-05 0.127567
1073 14.4465 23.2184 4.22354e-05 0.127567
1074 14.4465 23.2184 4.22354e-05 0.127567
1075 14.4465 23.2184 4.22354e-05 0.127567
1076 14.4465 23.2184 4.22354e-05 0.127567
1077 14.4465 23.2184 4.22354e-05 0.127567
1078 14.4465 23.2184 4.22354e-05 0.127567
1079 14.4465 23.2184 4.22354e-05 0.127567
1080 14.4465 23.2184 4.22354e-05 0.127567
1081 14.4465 23.2184 4.22354e-05 0.127567
1082 14.4465 23.2184 4.22354e-05 0.127567
1083 14.4465 23.2184 4.22354e-05 0.127567
1084 14.4465 23.2184 4.22354e-05 0.127567
1085 14.4465 23.2184 4.22354e-05 0.127567
1086 14.4465 23.2184 4.22354e-05 0.127567
1087 14.4465 23.2184 4.22354e-05 0.127567
1088 14.4465 23.2184 4.22354e-05 0.127567
1089 14.4465 23.2184 4.22354e-05 0.127567
1090 14.4465 23.2184 4.22354e-05 0.127567
1091 14.4465 23.2184 4.22354e-05 0.127567
1092 14.4465 23.2184 4.22354e-05 0.127567
1093 14.4465 23.2184 4.22354e-05 0.127567
1094 14.4465 23.2184 4.22354e-05 0.127567
1095 14.4465 23.2184 4.22354e-05 0.127567
1096 14.4465 23.2184 4.22354e-05 0.127567
1097 14.4465 23.2184 4.22354e-05 0.127567
1098 14.4465 23.2184 4.22354e-05 0.127567
1099 14.4465 23.2184 4.22354e-05 0.127567
1100 14.4465 23.2184 4.22354e-05 0.127567
1101 14.4465 23.2184 4.22354e-05 0.127567
1102 14.4465 23.2184 4.22354e-05 0.127567
1103 14.4465 23.2184 4.22354e-05 0.127567
1104 14.4465 23.2184 4.22354e-05 0.127567
1105 14.4465 23.2184 4.22354e-05 0.127567
1106 14.4465 23.2184 4.22354e-05 0.127567
1107 14.4465 23.2184 4.22354e-05 0.127567
1108 14.4465 23.2184 4.22354e-05 0.127567
1109 14.4465 23.2184 4.22354e-05 0.127567
1110 14.4465 23.2184 4.22354e-05 0.127567
1111 14.4465 23.2184 4.22354e-05 0.127567
1112 14.4465 23.2184 4.22354e-05 0.127567
1113 14.4465 23.2184 4.22354e-05 0.127567
1114 14.4465 23.2184 4.22354e-05 0.127567
1115 14.4465 23.2184 4.22354e-05 0.127567
1116 14.4465 23.2184 4.22354e-05 0.127567
1117 14.4465 23.2184 4.22354e-05 0.127567
1118 14.4465 23.2184 4.22354e-05 0.127567
1119 14.4465 23.2184 4.22354e-05 0.127567
1120 14.4465 23.2184 4.22354e-05 0.127567
1121 14.4465 23.2184 4.22354e-05 0.127567
1122 14.4465 23.2184 4.22354e-05 0.127567
1123 14.4465 23.2184 4.22354e-05 0.127567
1124 14.4465 23.2184 4.22354e-05 0.127567
1125 14.4465 23.2184 4.22354e-05 0.127567
1126 14.4465 23.2184 4.22354e-05 0.127567
1127 14.4465 23.2184 4.22354e-05 0.127567
1128 14.4465 23.2184 4.22354e-05 0.127567
1129 14.4465 23.2184 4.22354e-05 0.127567
1130 14.4465 23.2184 4.22354e-05 0.127567
1131 14.4465 23.2184 4.22354e-05 0.127567
1132 14.4465 23.2184 4.22354e-05 0.127567
1133 14.4465 23.2184 4.22354e-05 0.127567
1134 14.4465 23.2184 4.22354e-05 0.127567
1135 14.4465 23.2184 4.22354e-05 0.127567
1136 14.4465 23.2184 4.22354e-05 0.127567
1137 14.4465 23.2184 4.22354e-05 0.127567
1138 14.4465 23.2184 4.22354e-05 0.127567
1139 14.4465 23.2184 4.22354e-05 0.127567
1140 14.4465 23.2184 4.22354e-05 0.127567
1141 14.4465 23.2184 4.22354e-05 0.127567
1142 14.4465 23.2184 4.22354e-05 0.127567
1143 14.4465 23.2184 4.22354e-05 0.127567
1144 14.4465 23.2184 4.22354e-05 0.127567
1145 14.4465 23.2184 4.22354e-05 0.127567
1146 14.4465 23.2184 4.22354e-05 0.127567
1147 14.4465 23.2184 4.22354e-05 0.127567
1148 14.4465 23.2184 4.22354e-05 0.127567
1149 14.4465 23.2184 4.22354e-05 0.127567
1150 14.4465 23.2184 4.22354e-05 0.127567
1151 14.4465 23.2184 4.22354e-05 0.127567
1152 14.4465 23.2184 4.22354e-05 0.127567
1153 14.4465 23.2184 4.22354e-05 0.127567
1154 14.4465 23.2184 4.22354e-05 0.127567
1155 14.4465 23.2184 4.22354e-05 0.127567
1156 14.4465 23.2184 4.22354e-05 0.127567
1157 14.4465 23.2184 4.22354e-05 0.127567
1158 14.4465 23.2184 4.22354e-05 0.127567
1159 14.4465 23.2184 4.22354e-05 0.127567
1160 14.4465 23.2184 4.22354e-05 0.127567
1161 14.4465 23.2184 4.22354e-05 0.127567
1162 14.4465 23.2184 4.22354e-05 0.127567
1163 14.4465 23.2184 4.22354e-05 0.127567
1164 14.4465 23.2184 4.22354e-05 0.127567
1165 14.4465 23.2184 4.22354e-05 0.127567
1166 14.4465 23.2184 4.22354e-05 0.127567
1167 14.4465 23.2184 4.22354e-05 0.127567
1168 14.4465 23.2184 4.22354e-05 0.127567
1169 14.4465 23.2184 4.22354e-05 0.127567
1170 14.4465 23.2184 4.22354e-05 0.127567
1171 14.4465 23.2184 4.22354e-05 0.127567
1172 14.4465 23.2184 4.22354e-05 0.127567
1173 14.4465 23.2184 4.22354e-05 0.127567
1174 14.4465 23.2184 4.22354e-05 0.127567
1175 14.4465 23.2184 4.22354e-05 0.127567
1176 14.4465 23.2184 4.22354e-05 0.127567
1177 14.4465 23.2184 4.22354e-05 0.127567
1178 14.4465 23.2184 4.22354e-05 0.127567
1179 14.4465 23.2184 4.22354e-05 0.127567
1180 14.4465 23.2184 4.22354e-05 0.127567
1181 14.4465 23.2184 4.22354e-05 0.127567
1182 14.4465 23.2184 4.22354e-05 0.127567
1183 14.4465 23.2184 4.22354e-05 0.127567
1184 14.4465 23.2184 4.22354e-05 0.127567
1185 14.4465 23.2184 4.22354e-05 0.127567
1186 14.4465 23.2184 4.22354e-05 0.127567
1187 14.4465 23.2184 4.22354e-05 0.127567
1188 14.4465 23.2184 4.22354e-05 0.127567
1189 14.4465 23.2184 4.22354e-05 0.127567
1190 14.4465 23.2184 4.22354e-05 0.127567
1191 14.4465 23.2184 4.22354e-05 0.127567
1192 14.4465 23.2184 4.22354e-05 0.127567
1193 14.4465 23.2184 4.22354e-05 0.127567
1194 14.4465 23.2184 4.22354e-05 0.127567
1195 14.4465 23.2184 4.22354e-05 0.127567
1196 14.4465 23.2184 4.22354e-05 0.127567
1197 14.4465 23.2184 4.22354e-05 0.127567
1198 14.4465 23.2184 4.22354e-05 0.127567
1199 14.4465 23.2184 4.22354e-05 0.127567
1200 14.4465 23.2184 4.22354e-05 0.127567
1201 14.4465 23.2184 4.22354e-05 0.127567
1202 14.4465 23.2184 4.22354e-05 0.127567
1203 14.4465 23.2184 4.22354e-05 0.127567
1204 14.4465 23.2184 4.22354e-05 0.127567
1205 14.4465 23.2184 4.22354e-05 0.127567
1206 14.4465 23.2184 4.22354e-05 0.127567
1207 14.4465 23.2184 4.22354e-05 0.127567
1208 14.4465 23.2184 4.22354e-05 0.127567
1209 14.4465 23.2184 4.22354e-05 0.127567
1210 14.4465 23.2184 4.22354e-05 0.127567
1211 14.4465 23.2184 4.22354e-05 0.127567
1212 14.4465 23.2184 4.22354e-05 0.127567
1213 14.4465 23.2184 4.22354e-05 0.127567
1214 14.4465 23.2184 4.22354e-05 0.127567
1215 14.4465 23.2184 4.22354e-05 0.127567
1216 14.4465 23.2184 4.22354e-05 0.127567
1217 14.4465 23.2184 4.22354e-05 0.127567
1218 14.4465 23.2184 4.22354e-05 0.127567
1219 14.4465 23.2184 4.22354e-05 0.127567
1220 14.4465 23.2184 4.22354e-05 0.127567
1221 14.4465 23.2184 4.22354e-05 0.127567
1222 14.4465 23.2184 4.22354e-05 0.127567
1223 14.4465 23.2184 4.22354e-05 0.127567
1224 14.4465 23.2184 4.22354e-05 0.127567
1225 14.4465 23.2184 4.22354e-05 0.127567
1226 14.4465 23.2184 4.22354e-05 0.127567
1227 14.4465 23.2184 4.22354e-05 0.127567
1228 14.4465 23.2184 4.22354e-05 0.127567
1229 14.4465 23.2184 4.22354e-05 0.127567
1230 14.4465 23.2184 4.22354e-05 0.127567
1231 14.4465 23.2184 4.22354e-05 0.127567
1232 14.4465 23.2184 4.22354e-05 0.127567
1233 14.4465 23.2184 4.22354e-05 0.127567
1234 14.4465 23.2184 4.22354e-05 0.127567
1235 14.4465 23.2184 4.22354e-05 0.127567
1236 14.4465 23.2184 4.22354e-05 0.127567
1237 14.4465 23.2184 4.22354e-05 0.127567
1238 14.4465 23.2184 4.22354e-05 0.127567
1239 14.4465 23.2184 4.22354e-05 0.127567
1240 14.4465 23.2184 4.22354e-05 0.127567
1241 14.4465 23.2184 4.22354e-05 0.127567
1242 14.4465 23.2184 4.22354e-05 0.127567
1243 14.4465 23.2184 4.22354e-05 0.127567
1244 14.4465 23.2184 4.22354e-05 0.127567
1245 14.4465 23.2184 4.22354e-05 0.127567
1246 14.4465 23.2184 4.22354e-05 0.127567
1247 14.4465 23.2184 4.22354e-05 0.127567
1248 14.4465 23.2184 4.22354e-05 0.127567
1249 14.4465 23.2184 4.22354e-05 0.127567
1250 14.4465 23.2184 4.22354e-05 0.127567
1251 14.4465 23.2184 4.22354e-05 0.127567
1252 14.4465 23.2184 4.22354e-05 0.127567
1253 14.4465 23.2184 4.22354e-05 0.127567
1254 14.4465 23.2184 4.22354e-05 0.127567
1255 14.4465 23.2184 4.22354e-05 0.127567
1256 14.4465 23.2184 4.22354e-05 0.127567
1257 14.4465 23.2184 4.22354e-05 0.127567
1258 14.4465 23.2184 4.22354e-05 0.127567
1259 14.4465 23.2184 4.22354e-05 0.127567
1260 14.4465 23.2184 4.22354e-05 0.127567
1261 14.4465 23.2184 4.22354e-05 0.127567
1262 14.4465 23.2184 4.22354e-05 0.127567
1263 14.4465 23.2184 4.22354e-05 0.127567
1264 14.4465 23.2184 4.22354e-05 0.127567
1265 14.4465 23.2184 4.22354e-05 0.127567
1266 14.4465 23.2184 4.22354e-05 0.127567
1267 14.4465 23.2184 4.22354e-05 0.127567
1268 14.4465 23.2184 4.22354e-05 0.127567
1269 14.4465 23.2184 4.22354e-05 0.127567
1270 14.4465 23.2184 4.22354e-05 0.127567
1271 14.4465 23.2184 4.22354e-05 0.127567
1272 14.4465 23.2184 4.22354e-05 0.127567
1273 14.4465 23.2184 4.22354e-05 0.127567
1274 14.4465 23.2184 4.22354e-05 0.127567
1275 14.4465 23.2184 4.22354e-05 0.127567
1276 14.4465 23.2184 4.22354e-05 0.127567
1277 14.4465 23.2184 4.22354e-05 0.127567
1278 14.4465 23.2184 4.22354e-05 0.127567
1279 14.4465 23.2184 4.22354e-05 0.127567
1280 14.4465 23.2184 4.22354e-05 0.127567
1281 14.4465 23.2184 4.22354e-05 0.127567
1282 14.4465 23.2184 4.22354e-05 0.127567
1283 14.4465 23.2184 4.22354e-05 0.127567
1284 14.4465 23.2184 4.22354e-05 0.127567
1285 14.4465 23.2184 4.22354e-05 0.127567
1286 14.4465 23.2184 4.22354e-05 0.127567
1287 14.4465 23.2184 4.22354e-05 0.127567
1288 14.4465 23.2184 4.22354e-05 0.127567
1289 14.4465 23.2184 4.22354e-05 0.127567
1290 14.4465 23.2184 4.22354e-05 0.127567
1291 14.4465 23.2184 4.22354e-05 0.127567
1292 14.4465 23.2184 4.22354e-05 0.127567
1293 14.4465 23.2184 4.22354e-05 0.127567
1294 14.4465 23.2184 4.22354e-05 0.127567
1295 14.4465 23.2184 4.22354e-05 0.127567
1296 14.4465 23.2184 4.22354e-05 0.127567
1297 14.4465 23.2184 4.22354e-05 0.127567
1298 14.4465 23.2184 4.22354e-05 0.127567
1299 14.4465 23.2184 4.22354e-05 0.127567
1300 14.4465 23.2184 4.22354e-05 0.127567
1301 14.4465 23.2184 4.22354e-05 0.127567
1302 14.4465 23.2184 4.22354e-05 0.127567
1303 14.4465 23.2184 4.22354e-05 0.127567
1304 14.4465 23.2184 4.22354e-05 0.127567
1305 14.4465 23.2184 4.22354e-05 0.127567
1306 14.4465 23.2184 4.22354e-05 0.127567
1307 14.4465 23.2184 4.22354e-05 0.127567
1308 14.4465 23.2184 4.22354e-05 0.127567
1309 14.4465 23.2184 4.22354e-05 0.127567
1310 14.4465 23.2184 4.22354e-05 0.127567
1311 14.4465 23.2184 4.22354e-05 0.127567
1312 14.4465 23.2184 4.22354e-05 0.127567
1313 14.4465 23.2184 4.22354e-05 0.127567
1314 14.4465 23.2184 4.22354e-05 0.127567
1315 14.4465 23.2184 4.22354e-05 0.127567
1316 14.4465 23.2184 4.22354e-05 0.127567
1317 14.4465 23.2184 4.22354e-05 0.127567
1318 14.4465 23.2184 4.22354e-05 0.127567
1319 14.4465 23.2184 4.22354e-05 0.127567
1320 14.4465 23.2184 4.22354e-05 0.127567
1321 14.4465 23.2184 4.22354e-05 0.127567
1322 14.4465 23.2184 4.22354e-05 0.127567
1323 14.4465 23.2184 4.22354e-05 0.127567
1324 14.4465 23.2184 4.22354e-05 0.127567
1325 14.4465 23.2184 4.22354e-05 0.127567
1326 14.4465 23.2184 4.22354e-05 0.127567
1327 14.4465 23.2184 4.22354e-05 0.127567
1328 14.4465 23.2184 4.22354e-05 0.127567
1329 14.4465 23.2184 4.22354e-05 0.127567
1330 14.4465 23.2184 4.22354e-05 0.127567
1331 14.4465 23.2184 4.22354e-05 0.127567
1332 14.4465 23.2184 4.22354e-05 0.127567
1333 14.4465 23.2184 4.22354e-05 0.127567
1334 14.4465 23.2184 4.22354e-05 0.127567
1335 14.4465 23.2184 4.22354e-05 0.127567
1336 14.4465 23.2184 4.22354e-05 0.127567
1337 14.4465 23.2184 4.22354e-05 0.127567
1338 14.4465 23.2184 4.22354e-05 0.127567
1339 14.4465 23.2184 4.22354e-05 0.127567
1340 14.4465 23.2184 4.22354e-05 0.127567
1341 14.4465 23.2184 4.22354e-05 0.127567
1342 14.4465 23.2184 4.22354e-05 0.127567
1343 14.4465 23.2184 4.22354e-05 0.127567
1344 14.4465 23.2184 4.22354e-05 0.127567
1345 14.4465 23.2184 4.22354e-05 0.127567
1346 14.4465 23.2184 4.22354e-05 0.127567
1347 14.4465 23.2184 4.22354e-05 0.127567
1348 14.4465 23.2184 4.22354e-05 0.127567
1349 14.4465 23.2184 4.22354e-05 0.127567
1350 14.4465 23.2184 4.22354e-05 0.127567
1351 14.4465 23.2184 4.22354e-05 0.127567
1352 14.4465 23.2184 4.22354e-05 0.127567
1353 14.4465 23.2184 4.22354e-05 0.127567
1354 14.4465 23.2184 4.22354e-05 0.127567
1355 14.4465 23.2184 4.22354e-05 0.127567
1356 14.4465 23.2184 4.22354e-05 0.127567
1357 14.4465 23.2184 4.22354e-05 0.127567
1358 14.4465 23.2184 4.22354e-05 0.127567
1359 14.4465 23.2184 4.22354e-05 0.127567
1360 14.4465 23.2184 4.22354e-05 0.127567
1361 14.4465 23.2184 4.22354e-05 0.127567
1362 14.4465 23.2184 4.22354e-05 0.127567
1363 14.4465 23.2184 4.22354e-05 0.127567
1364 14.4465 23.2184 4.22354e-05 0.127567
1365 14.4465 23.2184 4.22354e-05 0.127567
1366 14.4465 23.2184 4.22354e-05 0.127567
1367 14.4465 23.2184 4.22354e-05 0.127567
1368 14.4465 23.2184 4.22354e-05 0.127567
1369 14.4465 23.2184 4.22354e-05 0.127567
1370 14.4465 23.2184 4.22354e-05 0.127567
1371 14.4465 23.2184 4.22354e-05 0.127567
1372 14.4465 23.2184 4.22354e-05 0.127567
1373 14.4465 23.2184 4.22354e-05 0.127567
1374 14.4465 23.2184 4.22354e-05 0.127567
1375 14.4465 23.2184 4.22354e-05 0.127567
1376 14.4465 23.2184 4.22354e-05 0.127567
1377 14.4465 23.2184 4.22354e-05 0.127567
1378 14.4465 23.2184 4.22354e-05 0.127567
1379 14.4465 23.2184 4.22354e-05 0.127567
1380 14.4465 23.2184 4.22354e-05 0.127567
1381 14.4465 23.2184 4.22354e-05 0.127567
1382 14.4465 23.2184 4.22354e-05 0.127567
1383 14.4465 23.2184 4.22354e-05 0.127567
1384 14.4465 23.2184 4.22354e-05 0.127567
1385 14.4465 23.2184 4.22354e-05 0.127567
1386 14.4465 23.2184 4.22354e-05 0.127567
1387 14.4465 23.2184 4.22354e-05 0.127567
1388 14.4465 23.2184 4.22354e-05 0.127567
1389 14.4465 23.2184 4.22354e-05 0.127567
1390 14.4465 23.2184 4.22354e-05 0.127567
1391 14.4465 23.2184 4.22354e-05 0.127567
1392 14.4465 23.2184 4.22354e-05 0.127567
1393 14.4465 23.2184 4.22354e-05 0.127567
1394 14.4465 23.2184 4.22354e-05 0.127567
1395 14.4465 23.2184 4.22354e-05 0.127567
1396 14.4465 23.2184 4.22354e-05 0.127567
1397 14.4465 23.2184 4.22354e-05 0.127567
1398 14.4465 23.2184 4.22354e-05 0.127567
1399 14.4465 23.2184 4.22354e-05 0.127567
1400 14.4465 23.2184 4.22354e-05 0.127567
1401 14.4465 23.2184 4.22354e-05 0.127567
1402 14.4465 23.2184 4.22354e-05 0.127567
1403 14.4465 23.2184 4.22354e-05 0.127567
1404 14.4465 23.2184 4.22354e-05 0.127567
1405 14.4465 23.2184 4.22354e-05 0.127567
1406 14.4465 23.2184 4.22354e-05 0.127567
1407 14.4465 23.2184 4.22354e-05 0.127567
1408 14.4465 23.2184 4.22354e-05 0.127567
1409 14.4465 23.2184 4.22354e-05 0.127567
1410 14.4465 23.2184 4.22354e-05 0.127567
1411 14.4465 23.2184 4.22354e-05 0.127567
1412 14.4465 23.2184 4.22354e-05 0.127567
1413 14.4465 23.2184 4.22354e-05 0.127567
1414 14.4465 23.2184 4.22354e-05 0.127567
1415 14.4465 23.2184 4.22354e-05 0.127567
1416 14.4465 23.2184 4.22354e-05 0.127567
1417 14.4465 23.2184 4.22354e-05 0.127567
1418 14.4465 23.2184 4.22354e-05 0.127567
1419 14.4465 23.2184 4.22354e-05 0.127567
1420 14.4465 23.2184 4.22354e-05 0.127567
1421 14.4465 23.2184 4.22354e-05 0.127567
1422 14.4465 23.2184 4.22354e-05 0.127567
1423 14.4465 23.2184 4.22354e-05 0.127567
1424 14.4465 23.2184 4.22354e-05 0.127567
1425 14.4465 23.2184 4.22354e-05 0.127567
1426 14.4465 23.2184 4.22354e-05 0.127567
1427 14.4465 23.2184 4.22354e-05 0.127567
1428 14.4465 23.2184 4.22354e-05 0.127567
1429 14.4465 23.2184 4.22354e-05 0.127567
1430 14.4465 23.2184 4.22354e-05 0.127567
1431 14.4465 23.2184 4.22354e-05 0.127567
1432 14.4465 23.2184 4.22354e-05 0.127567
1433 14.4465 23.2184 4.22354e-05 0.127567
1434 14.4465 23.2184 4.22354e-05 0.127567
1435 14.4465 23.2184 4.22354e-05 0.127567
1436 14.4465 23.2184 4.22354e-05 0.127567
1437 14.4465 23.2184 4.22354e-05 0.127567
1438 14.4465 23.2184 4.22354e-05 0.127567
1439 14.4465 23.2184 4.22354e-05 0.127567
1440 14.4465 23.2184 4.22354e-05 0.127567
1441 14.4465 23.2184 4.22354e-05 0.127567
1442 14.4465 23.2184 4.22354e-05 0.127567
1443 14.4465 23.2184 4.22354e-05 0.127567
1444 14.4465 23.2184 4.22354e-05 0.127567
1445 14.4465 23.2184 4.22354e-05 0.127567
1446 14.4465 23.2184 4.22354e-05 0.127567
1447 14.4465 23.2184 4.22354e-05 0.127567
1448 14.4465 23.2184 4.22354e-05 0.127567
1449 14.4465 23.2184 4.22354e-05 0.127567
1450 14.4465 23.2184 4.22354e-05 0.127567
1451 14.4465 23.2184 4.22354e-05 0.127567
1452 14.4465 23.2184 4.22354e-05 0.127567
1453 14.4465 23.2184 4.22354e-05 0.127567
1454 14.4465 23.2184 4.22354e-05 0.127567
1455 14.4465 23.2184 4.22354e-05 0.127567
1456 14.4465 23.2184 4.22354e-05 0.127567
1457 14.4465 23.2184 4.22354e-05 0.127567
1458 14.4465 23.2184 4.22354e-05 0.127567
1459 14.4465 23.2184 4.22354e-05 0.127567
1460 14.4465 23.2184 4.22354e-05 0.127567
1461 14.4465 23.2184 4.22354e-05 0.127567
1462 14.4465 23.2184 4.22354e-05 0.127567
1463 14.4465 23.2184 4.22354e-05 0.127567
1464 14.4465 23.2184 4.22354e-05 0.127567
1465 14.4465 23.2184 4.22354e-05 0.127567
1466 14.4465 23.2184 4.22354e-05 0.127567
1467 14.4465 23.2184 4.22354e-05 0.127567
1468 14.4465 23.2184 4.22354e-05 0.127567
1469 14.4465 23.2184 4.22354e-05 0.127567
1470 14.4465 23.2184 4.22354e-05 0.127567
1471 14.4465 23.2184 4.22354e-05 0.127567
1472 14.4465 23.2184 4.22354e-05 0.127567
1473 14.4465 23.2184 4.22354e-05 0.127567
1474 14.4465 23.2184 4.22354e-05 0.127567
1475 14.4465 23.2184 4.22354e-05 0.127567
1476 14.4465 23.2184 4.22354e-05 0.127567
1477 14.4465 23.2184 4.22354e-05 0.127567
1478 14.4465 23.2184 4.22354e-05 0.127567
1479 14.4465 23.2184 4.22354e-05 0.127567
1480 14.4465 23.2184 4.22354e-05 0.127567
1481 14.4465 23.2184 4.22354e-05 0.127567
1482 14.4465 23.2184 4.22354e-05 0.127567
1483 14.4465 23.2184 4.22354e-05 0.127567
1484 14.4465 23.2184 4.22354e-05 0.127567
1485 14.4465 23.2184 4.22354e-05 0.127567
1486 14.4465 23.2184 4.22354e-05 0.127567
1487 14.4465 23.2184 4.22354e-05 0.127567
1488 14.4465 23.2184 4.22354e-05 0.127567
1489 14.4465 23.2184 4.22354e-05 0.127567
1490 14.4465 23.2184 4.22354e-05 0.127567
1491 14.4465 23.2184 4.22354e-05 0.127567
1492 14.4465 23.2184 4.22354e-05 0.127567
1493 14.4465 23.2184 4.22354e-05 0.127567
1494 14.4465 23.2184 4.22354e-05 0.127567
1495 14.4465 23.2184 4.22354e-05 0.127567
1496 14.4465 23.2184 4.22354e-05 0.127567
1497 14.4465 23.2184 4.22354e-05 0.127567
1498 14.4465 23.2184 4.22354e-05 0.127567
1499 14.4465 23.2184 4.22354e-05 0.127567
1500 14.4465 23.2184 4.22354e-05 0.127567
1501 14.4465 23.2184 4.22354e-05 0.127567
1502 14.4465 23.2184 4.22354e-05 0.127567
1503 14.4465 23.2184 4.22354e-05 0.127567
1504 14.4465 23.2184 4.22354e-05 0.127567
1505 14.4465 23.2184 4.22354e-05 0.127567
1506 14.4465 23.2184 4.22354e-05 0.127567
1507 14.4465 23.2184 4.22354e-05 0.127567
1508 14.4465 23.2184 4.22354e-05 0.127567
1509 14.4465 23.2184 4.22354e-05 0.127567
1510 14.4465 23.2184 4.22354e-05 0.127567
1511 14.4465 23.2184 4.22354e-05 0.127567
1512 14.4465 23.2184 4.22354e-05 0.127567
1513 14.4465 23.2184 4.22354e-05 0.127567
1514 14.4465 23.2184 4.22354e-05 0.127567
1515 14.4465 23.2184 4.22354e-05 0.127567
1516 14.4465 23.2184 4.22354e-05 0.127567
1517 14.4465 23.2184 4.22354e-05 0.127567
1518 14.4465 23.2184 4.22354e-05 0.127567
1519 14.4465 23.2184 4.22354e-05 0.127567
1520 14.4465 23.2184 4.22354e-05 0.127567
1521 14.4465 23.2184 4.22354e-05 0.127567
1522 14.4465 23.2184 4.22354e-05 0.127567
1523 14.4465 23.2184 4.22354e-05 0.127567
1524 14.4465 23.2184 4.22354e-05 0.127567
1525 14.4465 23.2184 4.22354e-05 0.127567
1526 14.4465 23.2184 4.22354e-05 0.127567
1527 14.4465 23.2184 4.22354e-05 0.127567
1528 14.4465 23.2184 4.22354e-05 0.127567
1529 14.4465 23.2184 4.22354e-05 0.127567
1530 14.4465 23.2184 4.22354e-05 0.127567
1531 14.4465 23.2184 4.22354e-05 0.127567
1532 14.4465 23.2184 4.22354e-05 0.127567
1533 14.4465 23.2184 4.22354e-05 0.127567
1534 14.4465 23.2184 4.22354e-05 0.127567
1535 14.4465 23.2184 4.22354e-05 0.127567
1536 14.4465 23.2184 4.22354e-05 0.127567
1537 14.4465 23.2184 4.22354e-05 0.127567
1538 14.4465 23.2184 4.22354e-05 0.127567
1539 14.4465 23.2184 4.22354e-05 0.127567
1540 14.4465 23.2184 4.22354e-05 0.127567
1541 14.4465 23.2184 4.22354e-05 0.127567
1542 14.4465 23.2184 4.22354e-05 0.127567
1543 14.4465 23.2184 4.22354e-05 0.127567
1544 14.4465 23.2184 4.22354e-05 0.127567
1545 14.4465 23.2184 4.22354e-05 0.127567
1546 14.4465 23.2184 4.22354e-05 0.127567
1547 14.4465 23.2184 4.22354e-05 0.127567
1548 14.4465 23.2184 4.22354e-05 0.127567
1549 14.4465 23.2184 4.22354e-05 0.127567
1550 14.4465 23.2184 4.22354e-05 0.127567
1551 14.4465 23.2184 4.22354e-05 0.127567
1552 14.4465 23.2184 4.22354e-05 0.127567
1553 14.4465 23.2184 4.22354e-05 0.127567
1554 14.4465 23.2184 4.22354e-05 0.127567
1555 14.4465 23.2184 4.22354e-05 0.127567
1556 14.4465 23.2184 4.22354e-05 0.127567
1557 14.4465 23.2184 4.22354e-05 0.127567
1558 14.4465 23.2184 4.22354e-05 0.127567
1559 14.4465 23.2184 4.22354e-05 0.127567
1560 14.4465 23.2184 4.22354e-05 0.127567
1561 14.4465 23.2184 4.22354e-05 0.127567
1562 14.4465 23.2184 4.22354e-05 0.127567
1563 14.4465 23.2184 4.22354e-05 0.127567
1564 14.4465 23.2184 4.22354e-05 0.127567
1565 14.4465 23.2184 4.22354e-05 0.127567
1566 14.4465 23.2184 4.22354e-05 0.127567
1567 14.4465 23.2184 4.22354e-05 0.127567
1568 14.4465 23.2184 4.22354e-05 0.127567
1569 14.4465 23.2184 4.22354e-05 0.127567
1570 14.4465 23.2184 4.22354e-05 0.127567
1571 14.4465 23.2184 4.22354e-05 0.127567
1572 14.4465 23.2184 4.22354e-05 0.127567
1573 14.4465 23.2184 4.22354e-05 0.127567
1574 14.4465 23.2184 4.22354e-05 0.127567
1575 14.4465 23.2184 4.22354e-05 0.127567
1576 14.4465 23.2184 4.22354e-05 0.127567
1577 14.4465 23.2184 4.22354e-05 0.127567
1578 14.4465 23.2184 4.22354e-05 0.127567
1579 14.4465 23.2184 4.22354e-05 0.127567
1580 14.4465 23.2184 4.22354e-05 0.127567
1581 14.4465 23.2184 4.22354e-05 0.127567
1582 14.4465 23.2184 4.22354e-05 0.127567
1583 14.4465 23.2184 4.22354e-05 0.127567
1584 14.4465 23.2184 4.22354e-05 0.127567
1585 14.4465 23.2184 4.22354e-05 0.127567
1586 14.4465 23.2184 4.22354e-05 0.127567
1587 14.4465 23.2184 4.22354e-05 0.127567
1588 14.4465 23.2184 4.22354e-05 0.127567
1589 14.4465 23.2184 4.22354e-05 0.127567
1590 14.4465 23.2184 4.22354e-05 0.127567
1591 14.4465 23.2184 4.22354e-05 0.127567
1592 14.4465 23.2184 4.22354e-05 0.127567
1593 14.4465 23.2184 4.22354e-05 0.127567
1594 14.4465 23.2184 4.22354e-05 0.127567
1595 14.4465 23.2184 4.22354e-05 0.127567
1596 14.4465 23.2184 4.22354e-05 0.127567
1597 14.4465 23.2184 4.22354e-05 0.127567
1598 14.4465 23.2184 4.22354e-05 0.127567
1599 14.4465 23.2184 4.22354e-05 0.127567
1600 14.4465 23.2184 4.22354e-05 0.127567
1601 14.4465 23.2184 4.22354e-05 0.127567
1602 14.4465 23.2184 4.22354e-05 0.127567
1603 14.4465 23.2184 4.22354e-05 0.127567
1604 14.4465 23.2184 4.22354e-05 0.127567
1605 14.4465 23.2184 4.22354e-05 0.127567
1606 14.4465 23.2184 4.22354e-05 0.127567
1607 14.4465 23.2184 4.22354e-05 0.127567
1608 14.4465 23.2184 4.22354e-05 0.127567
1609 14.4465 23.2184 4.22354e-05 0.127567
1610 14.4465 23.2184 4.22354e-05 0.127567
1611 14.4465 23.2184 4.22354e-05 0.127567
1612 14.4465 23.2184 4.22354e-05 0.127567
1613 14.4465 23.2184 4.22354e-05 0.127567
1614 14.4465 23.2184 4.22354e-05 0.127567
1615 14.4465 23.2184 4.22354e-05 0.127567
1616 14.4465 23.2184 4.22354e-05 0.127567
1617 14.4465 23.2184 4.22354e-05 0.127567
1618 14.4465 23.2184 4.22354e-05 0.127567
1619 14.4465 23.2184 4.22354e-05 0.127567
1620 14.4465 23.2184 4.22354e-05 0.127567
1621 14.4465 23.2184 4.22354e-05 0.127567
1622 14.4465 23.2184 4.22354e-05 0.127567
1623 14.4465 23.2184 4.22354e-05 0.127567
1624 14.4465 23.2184 4.22354e-05 0.127567
1625 14.4465 23.2184 4.22354e-05 0.127567
1626 14.4465 23.2184 4.22354e-05 0.127567
1627 14.4465 23.2184 4.22354e-05 0.127567
1628 14.4465 23.2184 4.22354e-05 0.127567
1629 14.4465 23.2184 4.22354e-05 0.127567
1630 14.4465 23.2184 4.22354e-05 0.127567
1631 14.4465 23.2184 4.22354e-05 0.127567
1632 14.4465 23.2184 4.22354e-05 0.127567
1633 14.4465 23.2184 4.22354e-05 0.127567
1634 14.4465 23.2184 4.22354e-05 0.127567
1635 14.4465 23.2184 4.22354e-05 0.127567
1636 14.4465 23.2184 4.22354e-05 0.127567
1637 14.4465 23.2184 4.22354e-05 0.127567
1638 14.4465 23.2184 4.22354e-05 0.127567
1639 14.4465 23.2184 4.22354e-05 0.127567
1640 14.4465 23.2184 4.22354e-05 0.127567
1641 14.4465 23.2184 4.22354e-05 0.127567
1642 14.4465 23.2184 4.22354e-05 0.127567
1643 14.4465 23.2184 4.22354e-05 0.127567
1644 14.4465 23.2184 4.22354e-05 0.127567
1645 14.4465 23.2184 4.22354e-05 0.127567
1646 14.4465 23.2184 4.22354e-05 0.127567
1647 14.4465 23.2184 4.22354e-05 0.127567
1648 14.4465 23.2184 4.22354e-05 0.127567
1649 14.4465 23.2184 4.22354e-05 0.127567
1650 14.4465 23.2184 4.22354e-05 0.127567
1651 14.4465 23.2184 4.22354e-05 0.127567
1652 14.4465 23.2184 4.22354e-05 0.127567
1653 14.4465 23.2184 4.22354e-05 0.127567
1654 14.4465 23.2184 4.22354e-05 0.127567
1655 14.4465 23.2184 4.22354e-05 0.127567
1656 14.4465 23.2184 4.22354e-05 0.127567
1657 14.4465 23.2184 4.22354e-05 0.127567
1658 14.4465 23.2184 4.22354e-05 0.127567
1659 14.4465 23.2184 4.22354e-05 0.127567
1660 14.4465 23.2184 4.22354e-05 0.127567
1661 14.4465 23.2184 4.22354e-05 0.127567
1662 14.4465 23.2184 4.22354e-05 0.127567
1663 14.4465 23.2184 4.22354e-05 0.127567
1664 14.4465 23.2184 4.22354e-05 0.127567
1665 14.4465 23.2184 4.22354e-05 0.127567
1666 14.4465 23.2184 4.22354e-05 0.127567
1667 14.4465 23.2184 4.22354e-05 0.127567
1668 14.4465 23.2184 4.22354e-05 0.127567
1669 14.4465 23.2184 4.22354e-05 0.127567
1670 14.4465 23.2184 4.22354e-05 0.127567
1671 14.4465 23.2184 4.22354e-05 0.127567
1672 14.4465 23.2184 4.22354e-05 0.127567
1673 14.4465 23.2184 4.22354e-05 0.127567
1674 14.4465 23.2184 4.22354e-05 0.127567
1675 14.4465 23.2184 4.22354e-05 0.127567
1676 14.4465 23.2184 4.22354e-05 0.127567
1677 14.4465 23.2184 4.22354e-05 0.127567
1678 14.4465 23.2184 4.22354e-05 0.127567
1679 14.4465 23.2184 4.22354e-05 0.127567
1680 14.4465 23.2184 4.22354e-05 0.127567
1681 14.4465 23.2184 4.22354e-05 0.127567
1682 14.4465 23.2184 4.22354e-05 0.127567
1683 14.4465 23.2184 4.22354e-05 0.127567
1684 14.4465 23.2184 4.22354e-05 0.127567
1685 14.4465 23.2184 4.22354e-05 0.127567
1686 14.4465 23.2184 4.22354e-05 0.127567
1687 14.4465 23.2184 4.22354e-05 0.127567
1688 14.4465 23.2184 4.22354e-05 0.127567
1689 14.4465 23.2184 4.22354e-05 0.127567
1690 14.4465 23.2184 4.22354e-05 0.127567
1691 14.4465 23.2184 4.22354e-05 0.127567
1692 14.4465 23.2184 4.22354e-05 0.127567
1693 14.4465 23.2184 4.22354e-05 0.127567
1694 14.4465 23.2184 4.22354e-05 0.127567
1695 14.4465 23.2184 4.22354e-05 0.127567
1696 14.4465 23.2184 4.22354e-05 0.127567
1697 14.4465 23.2184 4.22354e-05 0.127567
1698 14.4465 23.2184 4.22354e-05 0.127567
1699 14.4465 23.2184 4.22354e-05 0.127567
1700 14.4465 23.2184 4.22354e-05 0.127567
1701 14.4465 23.2184 4.22354e-05 0.127567
1702 14.4465 23.2184 4.22354e-05 0.127567
1703 14.4465 23.2184 4.22354e-05 0.127567
1704 14.4465 23.2184 4.22354e-05 0.127567
1705 14.4465 23.2184 4.22354e-05 0.127567
1706 14.4465 23.2184 4.22354e-05 0.127567
1707 14.4465 23.2184 4.22354e-05 0.127567
1708 14.4465 23.2184 4.22354e-05 0.127567
1709 14.4465 23.2184 4.22354e-05 0.127567
1710 14.4465 23.2184 4.22354e-05 0.127567
1711 14.4465 23.2184 4.22354e-05 0.127567
1712 14.4465 23.2184 4.22354e-05 0.127567
1713 14.4465 23.2184 4.22354e-05 0.127567
1714 14.4465 23.2184 4.22354e-05 0.127567
1715 14.4465 23.2184 4.22354e-05 0.127567
1716 14.4465 23.2184 4.22354e-05 0.127567
1717 14.4465 23.2184 4.22354e-05 0.127567
1718 14.4465 23.2184 4.22354e-05 0.127567
1719 14.4465 23.2184 4.22354e-05 0.127567
1720 14.4465 23.2184 4.22354e-05 0.127567
1721 14.4465 23.2184 4.22354e-05 0.127567
1722 14.4465 23.2184 4.22354e-05 0.127567
1723 14.4465 23.2184 4.22354e-05 0.127567
1724 14.4465 23.2184 4.22354e-05 0.127567
1725 14.4465 23.2184 4.22354e-05 0.127567
1726 14.4465 23.2184 4.22354e-05 0.127567
1727 14.4465 23.2184 4.22354e-05 0.127567
1728 14.4465 23.2184 4.22354e-05 0.127567
1729 14.4465 23.2184 4.22354e-05 0.127567
1730 14.4465 23.2184 4.22354e-05 0.127567
1731 14.4465 23.2184 4.22354e-05 0.127567
1732 14.4465 23.2184 4.22354e-05 0.127567
1733 14.4465 23.2184 4.22354e-05 0.127567
1734 14.4465 23.2184 4.22354e-05 0.127567
1735 14.4465 23.2184 4.22354e-05 0.127567
1736 14.4465 23.2184 4.22354e-05 0.127567
1737 14.4465 23.2184 4.22354e-05 0.127567
1738 14.4465 23.2184 4.22354e-05 0.127567
1739 14.4465 23.2184 4.22354e-05 0.127567
1740 14.4465 23.2184 4.22354e-05 0.127567
1741 14.4465 23.2184 4.22354e-05 0.127567
1742 14.4465 23.2184 4.22354e-05 0.127567
1743 14.4465 23.2184 4.22354e-05 0.127567
1744 14.4465 23.2184 4.22354e-05 0.127567
1745 14.4465 23.2184 4.22354e-05 0.127567
1746 14.4465 23.2184 4.22354e-05 0.127567
1747 14.4465 23.2184 4.22354e-05 0.127567
1748 14.4465 23.2184 4.22354e-05 0.127567
1749 14.4465 23.2184 4.22354e-05 0.127567
1750 14.4465 23.2184 4.22354e-05 0.127567
1751 14.4465 23.2184 4.22354e-05 0.127567
1752 14.4465 23.2184 4.22354e-05 0.127567
1753 14.4465 23.2184 4.22354e-05 0.127567
1754 14.4465 23.2184 4.22354e-05 0.127567
1755 14.4465 23.2184 4.22354e-05 0.127567
1756 14.4465 23.2184 4.22354e-05 0.127567
1757 14.4465 23.2184 4.22354e-05 0.127567
1758 14.4465 23.2184 4.22354e-05 0.127567
1759 14.4465 23.2184 4.22354e-05 0.127567
1760 14.4465 23.2184 4.22354e-05 0.127567
1761 14.4465 23.2184 4.22354e-05 0.127567
1762 14.4465 23.2184 4.22354e-05 0.127567
1763 14.4465 23.2184 4.22354e-05 0.127567
1764 14.4465 23.2184 4.22354e-05 0.127567
1765 14.4465 23.2184 4.22354e-05 0.127567
1766 14.4465 23.2184 4.22354e-05 0.127567
1767 14.4465 23.2184 4.22354e-05 0.127567
1768 14.4465 23.2184 4.22354e-05 0.127567
1769 14.4465 23.2184 4.22354e-05 0.127567
1770 14.4465 23.2184 4.22354e-05 0.127567
1771 14.4465 23.2184 4.22354e-05 0.127567
1772 14.4465 23.2184 4.22354e-05 0.127567
1773 14.4465 23.2184 4.22354e-05 0.127567
1774 14.4465 23.2184 4.22354e-05 0.127567
1775 14.4465 23.2184 4.22354e-05 0.127567
1776 14.4465 23.2184 4.22354e-05 0.127567
1777 14.4465 23.2184 4.22354e-05 0.127567
1778 14.4465 23.2184 4.22354e-05 0.127567
1779 14.4465 23.2184 4.22354e-05 0.127567
1780 14.4465 23.2184 4.22354e-05 0.127567
1781 14.4465 23.2184 4.22354e-05 0.127567
1782 14.4465 23.2184 4.22354e-05 0.127567
1783 14.4465 23.2184 4.22354e-05 0.127567
1784 14.4465 23.2184 4.22354e-05 0.127567
1785 14.4465 23.2184 4.22354e-05 0.127567
1786 14.4465 23.2184 4.22354e-05 0.127567
1787 14.4465 23.2184 4.22354e-05 0.127567
1788 14.4465 23.2184 4.22354e-05 0.127567
1789 14.4465 23.2184 4.22354e-05 0.127567
1790 14.4465 23.2184 4.22354e-05 0.127567
1791 14.4465 23.2184 4.22354e-05 0.127567
1792 14.4465 23.2184 4.22354e-05 0.127567
1793 14.4465 23.2184 4.22354e-05 0.127567
1794 14.4465 23.2184 4.22354e-05 0.127567
1795 14.4465 23.2184 4.22354e-05 0.127567
1796 14.4465 23.2184 4.22354e-05 0.127567
1797 14.4465 23.2184 4.22354e-05 0.127567
1798 14.4465 23.2184 4.22354e-05 0.127567
1799 14.4465 23.2184 4.22354e-05 0.127567
1800 14.4465 23.2184 4.22354e-05 0.127567
1801 14.4465 23.2184 4.22354e-05 0.127567
1802 14.4465 23.2184 4.22354e-05 0.127567
1803 14.4465 23.2184 4.22354e-05 0.127567
1804 14.4465 23.2184 4.22354e-05 0.127567
1805 14.4465 23.2184 4.22354e-05 0.127567
1806 14.4465 23.2184 4.22354e-05 0.127567
1807 14.4465 23.2184 4.22354e-05 0.127567
1808 14.4465 23.2184 4.22354e-05 0.127567
1809 14.4465 23.2184 4.22354e-05 0.127567
1810 14.4465 23.2184 4.22354e-05 0.127567
1811 14.4465 23.2184 4.22354e-05 0.127567
1812 14.4465 23.2184 4.22354e-05 0.127567
1813 14.4465 23.2184 4.22354e-05 0.127567
1814 14.4465 23.2184 4.22354e-05 0.127567
1815 14.4465 23.2184 4.22354e-05 0.127567
1816 14.4465 23.2184 4.22354e-05 0.127567
1817 14.4465 23.2184 4.22354e-05 0.127567
1818 14.4465 23.2184 4.22354e-05 0.127567
1819 14.4465 23.2184 4.22354e-05 0.127567
1820 14.4465 23.2184 4.22354e-05 0.127567
1821 14.4465 23.2184 4.22354e-05 0.127567
1822 14.4465 23.2184 4.22354e-05 0.127567
1823 14.4465 23.2184 4.22354e-05 0.127567
1824 14.4465 23.2184 4.22354e-05 0.127567
1825 14.4465 23.2184 4.22354e-05 0.127567
1826 14.4465 23.2184 4.22354e-05 0.127567
1827 14.4465 23.2184 4.22354e-05 0.127567
1828 14.4465 23.2184 4.22354e-05 0.127567
1829 14.4465 23.2184 4.22354e-05 0.127567
1830 14.4465 23.2184 4.22354e-05 0.127567
1831 14.4465 23.2184 4.22354e-05 0.127567
1832 14.4465 23.2184 4.22354e-05 0.127567
1833 14.4465 23.2184 4.22354e-05 0.127567
1834 14.4465 23.2184 4.22354e-05 0.127567
1835 14.4465 23.2184 4.22354e-05 0.127567
1836 14.4465 23.2184 4.22354e-05 0.127567
1837 14.4465 23.2184 4.22354e-05 0.127567
1838 14.4465 23.2184 4.22354e-05 0.127567
1839 14.4465 23.2184 4.22354e-05 0.127567
1840 14.4465 23.2184 4.22354e-05 0.127567
1841 14.4465 23.2184 4.22354e-05 0.127567
1842 14.4465 23.2184 4.22354e-05 0.127567
1843 14.4465 23.2184 4.22354e-05 0.127567
1844 14.4465 23.2184 4.22354e-05 0.127567
1845 14.4465 23.2184 4.22354e-05 0.127567
1846 14.4465 23.2184 4.22354e-05 0.127567
1847 14.4465 23.2184 4.22354e-05 0.127567
1848 14.4465 23.2184 4.22354e-05 0.127567
1849 14.4465 23.2184 4.22354e-05 0.127567
1850 14.4465 23.2184 4.22354e-05 0.127567
1851 14.4465 23.2184 4.22354e-05 0.127567
1852 14.4465 23.2184 4.22354e-05 0.127567
1853 14.4465 23.2184 4.22354e-05 0.127567
1854 14.4465 23.2184 4.22354e-05 0.127567
1855 14.4465 23.2184 4.22354e-05 0.127567
1856 14.4465 23.2184 4.22354e-05 0.127567
1857 14.4465 23.2184 4.22354e-05 0.127567
1858 14.4465 23.2184 4.22354e-05 0.127567
1859 14.4465 23.2184 4.22354e-05 0.127567
1860 14.4465 23.2184 4.22354e-05 0.127567
1861 14.4465 23.2184 4.22354e-05 0.127567
1862 14.4465 23.2184 4.22354e-05 0.127567
1863 14.4465 23.2184 4.22354e-05 0.127567
1864 14.4465 23.2184 4.22354e-05 0.127567
1865 14.4465 23.2184 4.22354e-05 0.127567
1866 14.4465 23.2184 4.22354e-05 0.127567
1867 14.4465 23.2184 4.22354e-05 0.127567
1868 14.4465 23.2184 4.22354e-05 0.127567
1869 14.4465 23.2184 4.22354e-05 0.127567
1870 14.4465 23.2184 4.22354e-05 0.127567
1871 14.4465 23.2184 4.22354e-05 0.127567
1872 14.4465 23.2184 4.22354e-05 0.127567
1873 14.4465 23.2184 4.22354e-05 0.127567
1874 14.4465 23.2184 4.22354e-05 0.127567
1875 14.4465 23.2184 4.22354e-05 0.127567
1876 14.4465 23.2184 4.22354e-05 0.127567
1877 14.4465 23.2184 4.22354e-05 0.127567
1878 14.4465 23.2184 4.22354e-05 0.127567
1879 14.4465 23.2184 4.22354e-05 0.127567
1880 14.4465 23.2184 4.22354e-05 0.127567
1881 14.4465 23.2184 4.22354e-05 0.127567
1882 14.4465 23.2184 4.22354e-05 0.127567
1883 14.4465 23.2184 4.22354e-05 0.127567
1884 14.4465 23.2184 4.22354e-05 0.127567
1885 14.4465 23.2184 4.22354e-05 0.127567
1886 14.4465 23.2184 4.22354e-05 0.127567
1887 14.4465 23.2184 4.22354e-05 0.127567
1888 14.4465 23.2184 4.22354e-05 0.127567
1889 14.4465 23.2184 4.22354e-05 0.127567
1890 14.4465 23.2184 4.22354e-05 0.127567
1891 14.4465 23.2184 4.22354e-05 0.127567
1892 14.4465 23.2184 4.22354e-05 0.127567
1893 14.4465 23.2184 4.22354e-05 0.127567
1894 14.4465 23.2184 4.22354e-05 0.127567
1895 14.4465 23.2184 4.22354e-05 0.127567
1896 14.4465 23.2184 4.22354e-05 0.127567
1897 14.4465 23.2184 4.22354e-05 0.127567
1898 14.4465 23.2184 4.22354e-05 0.127567
1899 14.4465 23.2184 4.22354e-05 0.127567
1900 14.4465 23.2184 4.22354e-05 0.127567
1901 14.4465 23.2184 4.22354e-05 0.127567
1902 14.4465 23.2184 4.22354e-05 0.127567
1903 14.4465 23.2184 4.22354e-05 0.127567
1904 14.4465 23.2184 4.22354e-05 0.127567
1905 14.4465 23.2184 4.22354e-05 0.127567
1906 14.4465 23.2184 4.22354e-05 0.127567
1907 14.4465 23.2184 4.22354e-05 0.127567
1908 14.4465 23.2184 4.22354e-05 0.127567
1909 14.4465 23.2184 4.22354e-05 0.127567
1910 14.4465 23.2184 4.22354e-05 0.127567
1911 14.4465 23.2184 4.22354e-05 0.127567
1912 14.4465 23.2184 4.22354e-05 0.127567
1913 14.4465 23.2184 4.22354e-05 0.127567
1914 14.4465 23.2184 4.22354e-05 0.127567
1915 14.4465 23.2184 4.22354e-05 0.127567
1916 14.4465 23.2184 4.22354e-05 0.127567
1917 14.4465 23.2184 4.22354e-05 0.127567
1918 14.4465 23.2184 4.22354e-05 0.127567
1919 14.4465 23.2184 4.22354e-05 0.127567
1920 14.4465 23.2184 4.22354e-05 0.127567
1921 14.4465 23.2184 4.22354e-05 0.127567
1922 14.4465 23.2184 4.22354e-05 0.127567
1923 14.4465 23.2184 4.22354e-05 0.127567
1924 14.4465 23.2184 4.22354e-05 0.127567
1925 14.4465 23.2184 4.22354e-05 0.127567
1926 14.4465 23.2184 4.22354e-05 0.127567
1927 14.4465 23.2184 4.22354e-05 0.127567
1928 14.4465 23.2184 4.22354e-05 0.127567
1929 14.4465 23.2184 4.22354e-05 0.127567
1930 14.4465 23.2184 4.22354e-05 0.127567
1931 14.4465 23.2184 4.22354e-05 0.127567
1932 14.4465 23.2184 4.22354e-05 0.127567
1933 14.4465 23.2184 4.22354e-05 0.127567
1934 14.4465 23.2184 4.22354e-05 0.127567
1935 14.4465 23.2184 4.22354e-05 0.127567
1936 14.4465 23.2184 4.22354e-05 0.127567
1937 14.4465 23.2184 4.22354e-05 0.127567
1938 14.4465 23.2184 4.22354e-05 0.127567
1939 14.4465 23.2184 4.22354e-05 0.127567
1940 14.4465 23.2184 4.22354e-05 0.127567
1941 14.4465 23.2184 4.22354e-05 0.127567
1942 14.4465 23.2184 4.22354e-05 0.127567
1943 14.4465 23.2184 4.22354e-05 0.127567
1944 14.4465 23.2184 4.22354e-05 0.127567
1945 14.4465 23.2184 4.22354e-05 0.127567
1946 14.4465 23.2184 4.22354e-05 0.127567
1947 14.4465 23.2184 4.22354e-05 0.127567
1948 14.4465 23.2184 4.22354e-05 0.127567
1949 14.4465 23.2184 4.22354e-05 0.127567
1950 14.4465 23.2184 4.22354e-05 0.127567
1951 14.4465 23.2184 4.22354e-05 0.127567
1952 14.4465 23.2184 4.22354e-05 0.127567
1953 14.4465 23.2184 4.22354e-05 0.127567
1954 14.4465 23.2184 4.22354e-05 0.127567
1955 14.4465 23.2184 4.22354e-05 0.127567
1956 14.4465 23.2184 4.22354e-05 0.127567
1957 14.4465 23.2184 4.22354e-05 0.127567
1958 14.4465 23.2184 4.22354e-05 0.127567
1959 14.4465 23.2184 4.22354e-05 0.127567
1960 14.4465 23.2184 4.22354e-05 0.127567
1961 14.4465 23.2184 4.22354e-05 0.127567
1962 14.4465 23.2184 4.22354e-05 0.127567
1963 14.4465 23.2184 4.22354e-05 0.127567
1964 14.4465 23.2184 4.22354e-05 0.127567
1965 14.4465 23.2184 4.22354e-05 0.127567
1966 14.4465 23.2184 4.22354e-05 0.127567
1967 14.4465 23.2184 4.22354e-05 0.127567
1968 14.4465 23.2184 4.22354e-05 0.127567
1969 14.4465 23.2184 4.22354e-05 0.127567
1970 14.4465 23.2184 4.22354e-05 0.127567
1971 14.4465 23.2184 4.22354e-05 0.127567
1972 14.4465 23.2184 4.22354e-05 0.127567
1973 14.4465 23.2184 4.22354e-05 0.127567
1974 14.4465 23.2184 4.22354e-05 0.127567
1975 14.4465 23.2184 4.22354e-05 0.127567
1976 14.4465 23.2184 4.22354e-05 0.127567
1977 14.4465 23.2184 4.22354e-05 0.127567
1978 14.4465 23.2184 4.22354e-05 0.127567
1979 14.4465 23.2184 4.22354e-05 0.127567
1980 14.4465 23.2184 4.22354e-05 0.127567
1981 14.4465 23.2184 4.22354e-05 0.127567
1982 14.4465 23.2184 4.22354e-05 0.127567
1983 14.4465 23.2184 4.22354e-05 0.127567
1984 14.4465 23.2184 4.22354e-05 0.127567
1985 14.4465 23.2184 4.22354e-05 0.127567
1986 14.4465 23.2184 4.22354e-05 0.127567
1987 14.4465 23.2184 4.22354e-05 0.127567
1988 14.4465 23.2184 4.22354e-05 0.127567
1989 14.4465 23.2184 4.22354e-05 0.127567
1990 14.4465 23.2184 4.22354e-05 0.127567
1991 14.4465 23.2184 4.22354e-05 0.127567
1992 14.4465 23.2184 4.22354e-05 0.127567
1993 14.4465 23.2184 4.22354e-05 0.127567
1994 14.4465 23.2184 4.22354e-05 0.127567
1995 14.4465 23.2184 4.22354e-05 0.127567
1996 14.4465 23.2184 4.22354e-05 0.127567
1997 14.4465 23.2184 4.22354e-05 0.127567
1998 14.4465 23.2184 4.22354e-05 0.127567
1999 14.4465 23.2184 4.22354e-05 0.127567
2000 14.4465 23.2184 4.22354e-05 0.127567
2001 14.4465 23.2184 4.22354e-05 0.127567
2002 14.4465 23.2184 4.22354e-05 0.127567
2003 14.4465 23.2184 4.22354e-05 0.127567
2004 14.4465 23.2184 4.22354e-05 0.127567
2005 14.4465 23.2184 4.22354e-05 0.127567
2006 14.4465 23.2184 4.22354e-05 0.127567
2007 14.4465 23.2184 4.22354e-05 0.127567
2008 14.4465 23.2184 4.22354e-05 0.127567
2009 14.4465 23.2184 4.22354e-05 0.127567
2010 14.4465 23.2184 4.22354e-05 0.127567
2011 14.4465 23.2184 4.22354e-05 0.127567
2012 14.4465 23.2184 4.22354e-05 0.127567
2013 14.4465 23.2184 4.22354e-05 0.127567
2014 14.4465 23.2184 4.22354e-05 0.127567
2015 14.4465 23.2184 4.22354e-05 0.127567
2016 14.4465 23.2184 4.22354e-05 0.127567
2017 14.4465 23.2184 4.22354e-05 0.127567
2018 14.4465 23.2184 4.22354e-05 0.127567
2019 14.4465 23.2184 4.22354e-05 0.127567
2020 14.4465 23.2184 4.22354e-05 0.127567
2021 14.4465 23.2184 4.22354e-05 0.127567
2022 14.4465 23.2184 4.22354e-05 0.127567
2023 14.4465 23.2184 4.22354e-05 0.127567
2024 14.4465 23.2184 4.22354e-05 0.127567
2025 14.4465 23.2184 4.22354e-05 0.127567
2026 14.4465 23.2184 4.22354e-05 0.127567
2027 14.4465 23.2184 4.22354e-05 0.127567
2028 14.4465 23.2184 4.22354e-05 0.127567
2029 14.4465 23.2184 4.22354e-05 0.127567
2030 14.4465 23.2184 4.22354e-05 0.127567
2031 14.4465 23.2184 4.22354e-05 0.127567
2032 14.4465 23.2184 4.22354e-05 0.127567
2033 14.4465 23.2184 4.22354e-05 0.127567
2034 14.4465 23.2184 4.22354e-05 0.127567
2035 14.4465 23.2184 4.22354e-05 0.127567
2036 14.4465 23.2184 4.22354e-05 0.127567
2037 14.4465 23.2184 4.22354e-05 0.127567
2038 14.4465 23.2184 4.22354e-05 0.127567
2039 14.4465 23.2184 4.22354e-05 0.127567
2040 14.4465 23.2184 4.22354e-05 0.127567
2041 14.4465 23.2184 4.22354e-05 0.127567
2042 14.4465 23.2184 4.22354e-05 0.127567
2043 14.4465 23.2184 4.22354e-05 0.127567
2044 14.4465 23.2184 4.22354e-05 0.127567
2045 14.4465 23.2184 4.22354e-05 0.127567
2046 14.4465 23.2184 4.22354e-05 0.127567
2047 14.4465 23.2184 4.22354e-05 0.127567
