-2.78 0 0 inf inf
-2.76 0 0 inf inf
-2.74 0 0 inf inf
-2.72 0 0 inf inf
-2.7 0 0 inf inf
-2.68 0 0 inf inf
-2.66 0 0 inf inf
-2.64 0 0 inf inf
-2.62 0 0 inf inf
-2.6 0 0 inf inf
-2.58 0 0 inf inf
-2.56 0 0 inf inf
-2.54 0 0 inf inf
-2.52 0 0 inf inf
-2.5 0 0 inf inf
-2.48 0 0 inf inf
-2.46 0 0 inf inf
-2.44 0 0 inf inf
-2.42 0 0 inf inf
-2.4 0 0 inf inf
-2.38 0 0 inf inf
-2.36 0 0 inf inf
-2.34 0 0 inf inf
-2.32 0 0 inf inf
-2.3 0 0 inf inf
-2.28 0 0 inf inf
-2.26 0 0 inf inf
-2.24 0 0 inf inf
-2.22 0 0 inf inf
-2.2 0 0 inf inf
-2.18 0 0 inf inf
-2.16 0 0 inf inf
-2.14 0 0 inf inf
-2.12 0 0 inf inf
-2.1 0 0 inf inf
-2.08 0 0 inf inf
-2.06 0 0 inf inf
-2.04 0 0 inf inf
-2.02 0 0 inf inf
-2 0 0 inf inf
-1.98 0 0 inf inf
-1.96 0 0 inf inf
-1.94 0 0 inf inf
-1.92 0 0 inf inf
-1.9 0 0 inf inf
-1.88 0 0 inf inf
-1.86 0 0 inf inf
-1.84 0 0 inf inf
-1.82 0 0 inf inf
-1.8 0 0 inf inf
-1.78 0 0 inf inf
-1.76 0 0 inf inf
-1.74 0 0 inf inf
-1.72 0 0 inf inf
-1.7 0 0 inf inf
-1.68 0 0 inf inf
-1.66 0 0 inf inf
-1.64 0 0 inf inf
-1.62 0 0 inf inf
-1.6 0 0 inf inf
-1.58 0 0 inf inf
-1.56 0 0 inf inf
-1.54 0 0 inf inf
-1.52 0 0 inf inf
-1.5 0 0 inf inf
-1.48 0 0 inf inf
-1.46 0 0 inf inf
-1.44 0 0 inf inf
-1.42 0 0 inf inf
-1.4 0 0 inf inf
-1.38 0 0 inf inf
-1.36 0 0 inf inf
-1.34 0 0 inf inf
-1.32 0 0 inf inf
-1.3 0 0 inf inf
-1.28 0 0 inf inf
-1.26 0 0 inf inf
-1.24 0 0 inf inf
-1.22 0 0 inf inf
-1.2 0 0 inf inf
-1.18 0 0 inf inf
-1.16 0 0 inf inf
-1.14 0 0 inf inf
-1.12 0 0 inf inf
-1.1 0 0 inf inf
-1.08 0 0 inf inf
-1.06 0 0 inf inf
-1.04 0 0 inf inf
-1.02 0 0 inf inf
-1 0 0 inf inf
-0.98 0 0 inf inf
-0.96 0 0 inf inf
-0.94 0 0 inf inf
-0.92 0 0 inf inf
-0.9 0 0 inf inf
-0.88 0 0 inf inf
-0.86 0 0 inf inf
-0.84 0 0 inf inf
-0.82 0 0 inf inf
-0.8 0 0 inf inf
-0.78 0 0 inf inf
-0.76 0 0 inf inf
-0.74 0 0 inf inf
-0.72 0 0 inf inf
-0.7 0 0 inf inf
-0.68 0 0 inf inf
-0.66 0 0 inf inf
-0.64 0 0 inf inf
-0.62 0 0 inf inf
-0.6 0 0 inf inf
-0.58 0 0 inf inf
-0.56 0 0 inf inf
-0.54 0 0 inf inf
-0.52 0 0 inf inf
-0.5 0 0 inf inf
-0.48 0 0 inf inf
-0.46 0 0 inf inf
-0.44 0 0 inf inf
-0.42 0 0 inf inf
-0.4 0 0 inf inf
-0.38 0 0 inf inf
-0.36 0 0 inf inf
-0.34 0 0 inf inf
-0.32 0 0 inf inf
-0.3 0 0 inf inf
-0.28 0 0 inf inf
-0.26 0 0 inf inf
-0.24 0 0 inf inf
-0.22 0 0 inf inf
-0.2 0 0 inf inf
-0.18 0 0 inf inf
-0.16 0 0 inf inf
-0.14 0 0 inf inf
-0.12 0 0 inf inf
-0.1 0 0 inf inf
-0.08 0 0 inf inf
-0.06 0 0 inf inf
-0.04 0 0 inf inf
-0.02 0 0 inf inf
0 0.294257 0 0.177628 inf
0.02 0.277148 0 0.178767 inf
0.04 0.260983 0 0.180157 inf
0.06 0.245686 0 0.181731 inf
0.08 0.231229 0 0.183511 inf
0.1 0.217572 0 0.185485 inf
0.12 0.20468 0 0.187654 inf
0.14 0.192519 0 0.190015 inf
0.16 0.181056 0 0.192565 inf
0.18 0.170259 0 0.195301 inf
0.2 0.160095 0 0.198219 inf
0.22 0.150534 0 0.201313 inf
0.24 0.141547 0 0.204579 inf
0.26 0.133104 0 0.20801 inf
0.28 0.125178 0 0.2116 inf
0.3 0.117741 0 0.215341 inf
0.32 0.110769 0 0.219224 inf
0.34 0.104235 0 0.223239 inf
0.36 0.098117 0 0.227389 inf
0.38 0.0923888 0 0.231639 inf
0.4 0.0870317 0 0.236006 inf
0.42 0.0820216 0 0.240456 inf
0.44 0.077341 0 0.245003 inf
0.46 0.0729682 0 0.249615 inf
0.48 0.0688859 0 0.25429 inf
0.5 0.0650762 0 0.259017 inf
0.52 0.0615227 0 0.263785 inf
0.54 0.058206 0 0.268581 inf
0.56 0.0553983 0 0.273446 inf
0.58 0.0518815 0 0.278125 inf
0.6 0.0495767 0 0.283093 inf
0.62 0.0470768 0 0.287886 inf
0.64 0.0447477 0 0.292709 inf
0.66 0.0425757 0 0.29749 inf
0.68 0.0405516 0 0.302243 inf
0.7 0.0386655 0 0.306958 inf
0.72 0.0369084 0 0.311628 inf
0.74 0.0352721 0 0.31625 inf
0.76 0.0337489 0 0.320818 inf
0.78 0.0323314 0.380445 0.325327 -0.11672
0.8 0.0310132 0.351199 0.329776 -0.117011
0.82 0.0297879 0.327291 0.334159 -0.112344
0.84 0.0286497 0.304273 0.338476 -0.109709
0.86 0.0275931 0.283125 0.342724 -0.107245
0.88 0.0266132 0.263707 0.346901 -0.104951
0.9 0.0257052 0.245884 0.351006 -0.10283
0.92 0.0248646 0.22953 0.355038 -0.10088
0.94 0.0240893 0.214528 0.358995 -0.0991034
0.96 0.0235856 0.200766 0.363159 -0.0974987
0.98 0.0225246 0.188145 0.366442 -0.0960644
1 0.0220871 0.176569 0.370438 -0.0947982
1.02 0.021461 0.165953 0.373644 -0.0936969
1.04 0.0208418 0.156218 0.376413 -0.0927558
1.06 0.0202277 0.14729 0.378676 -0.0919692
1.08 0.0196225 0.139102 0.380472 -0.0913296
1.1 0.0190285 0.131593 0.381814 -0.0908279
1.12 0.0184476 0.124708 0.382717 -0.0904539
1.14 0.0178815 0.118395 0.383196 -0.0901889
1.16 0.0173312 0.112258 0.383263 -0.0920693
1.18 0.0167977 0.107342 0.382933 -0.0896948
1.2 0.0162818 0.102487 0.382218 -0.089624
1.22 0.0157838 0.0983178 0.38113 -0.0877032
1.24 0.0153041 0.0939124 0.379682 -0.0899795
1.26 0.0148429 0.090178 0.377885 -0.0900365
1.28 0.0144 0.0867626 0.37575 -0.0900639
1.3 0.0139756 0.083642 0.373289 -0.0900311
1.32 0.0135692 0.0807942 0.370513 -0.0899071
1.34 0.0131808 0.0781997 0.36743 -0.0896521
1.36 0.0128102 0.0758381 0.364068 -0.0892591
1.38 0.0124564 0.0736981 0.360405 -0.0886318
1.4 0.0121198 0.071758 0.356488 -0.0878218
1.42 0.0117993 0.0700102 0.352298 -0.0867209
1.44 0.0114951 0.0684398 0.347878 -0.0853334
1.46 0.0112062 0.0670369 0.343211 -0.0836163
1.48 0.0109324 0.0657917 0.338325 -0.0815402
1.5 0.0106731 0.0646958 0.333227 -0.0790767
1.52 0.0104279 0.0637414 0.327931 -0.0762001
1.54 0.0101962 0.0629221 0.322443 -0.0728877
1.56 0.0100405 0.0622319 0.317614 -0.0691205
1.58 0.00968436 0.0616658 0.309758 -0.0648829
1.6 0.00958574 0.0612197 0.305107 -0.0601642
1.62 0.0094023 0.0608899 0.29895 -0.0549573
1.64 0.00923139 0.0606735 0.29273 -0.0492603
1.66 0.0090714 0.0605681 0.286385 -0.0430757
1.68 0.00892216 0.0605722 0.279942 -0.0364109
1.7 0.00878327 0.0606843 0.273414 -0.029278
1.72 0.00865439 0.0609038 0.266815 -0.0216972
1.74 0.00853518 0.0612318 0.260158 -0.0136677
1.76 0.00842532 0.0616643 0.253455 -0.00527688
1.78 0.00832452 0.0624289 0.24672 0.00576516
1.8 0.00823251 0.0624995 0.239964 0.0091067
1.82 0.00814902 0.0634417 0.233199 0.0204032
1.84 0.00807382 0.0640052 0.226438 0.0272979
1.86 0.00800668 0.064531 0.21969 0.0332347
1.88 0.00794741 0.0650231 0.212967 0.0383046
1.9 0.0078958 0.0654863 0.206278 0.0425953
1.92 0.00785168 0.0659254 0.199634 0.0461856
1.94 0.00775774 0.0663451 0.191676 0.049147
1.96 0.00779294 0.0667502 0.186679 0.0515446
1.98 0.00777172 0.0671453 0.180203 0.0534375
2 0.00780879 0.0675351 0.175121 0.0548795
2.02 0.00773872 0.0679239 0.167358 0.0559198
2.04 0.00773708 0.0683162 0.161188 0.0566033
2.06 0.00774153 0.068716 0.155057 0.0569708
2.08 0.00775273 0.0691273 0.149041 0.0570597
2.1 0.00777048 0.0695541 0.143131 0.0569042
2.12 0.00779473 0.0699998 0.137334 0.0565321
2.14 0.00782544 0.0704692 0.131652 0.0559872
2.16 0.00786258 0.0709631 0.126091 0.0552649
2.18 0.00790615 0.0714877 0.120653 0.0544215
2.2 0.00795613 0.0720435 0.115345 0.0534483
2.22 0.00801252 0.0726362 0.110167 0.0523957
2.24 0.00807532 0.0732662 0.105124 0.051252
2.26 0.00814456 0.0739375 0.100219 0.050047
2.28 0.00822024 0.0746526 0.0954546 0.0487913
2.3 0.00830239 0.0754139 0.0908332 0.047497
2.32 0.00839108 0.076224 0.086361 0.0461744
2.34 0.0084862 0.0770857 0.082025 0.0448366
2.36 0.00858802 0.0779985 0.077851 0.0434675
2.38 0.00869636 0.078972 0.0738186 0.0421392
2.4 0.00881157 0.0799977 0.069961 0.0407624
2.42 0.0089333 0.0810868 0.0662376 0.039423
2.44 0.00906193 0.0822372 0.0626822 0.0380884
2.46 0.00919732 0.0834517 0.059277 0.0367696
2.48 0.00933973 0.0847324 0.0560427 0.0354697
2.5 0.00948911 0.0860811 0.0529675 0.0341918
2.52 0.00964556 0.0874999 0.0500563 0.0329386
2.54 0.00980918 0.0889906 0.0473099 0.0317125
2.56 0.0100437 0.0905551 0.0454521 0.0305157
2.58 0.0100518 0.0921954 0.0411886 0.0293505
2.6 0.010291 0.0939133 0.0396845 0.0282189
2.62 0.0103933 0.0957107 0.0368813 0.0271231
2.64 0.0104642 0.0975893 0.0340571 0.0260652
2.66 0.0105061 0.0995511 0.0311445 0.0250476
2.68 0.0105226 0.101598 0.0281854 0.0240724
2.7 0.0105168 0.103731 0.0251989 0.0231423
2.72 0.0104915 0.105954 0.0222003 0.0222586
2.74 0.0104495 0.108267 0.0192025 0.0214328
2.76 0.0103933 0.110671 0.0162164 0.0206386
2.78 0.010325 0.113091 0.0132514 0.0198717
2.8 0.0102467 0.115036 0.0103162 0.0187331
2.82 0.0101602 0.116478 0.00741842 0.0173079
2.84 0.010067 0.117462 0.00456552 0.0156254
2.86 0.00996868 0.118038 0.00176446 0.0137453
2.88 0.00986648 0.118254 -0.00097798 0.0117046
2.9 0.00976153 0.118156 -0.00365522 0.0095339
2.92 0.00965483 0.117787 -0.00626055 0.00725798
2.94 0.00954719 0.117186 -0.00879403 0.00489756
2.96 0.00943969 0.116388 -0.0112144 0.00247028
2.98 0.00933228 0.115428 -0.0135921 -8.34976e-06
3 0.00922641 0.114333 -0.0158289 -0.00252441
3.02 0.00912188 0.11313 -0.0179974 -0.00506508
3.04 0.00901972 0.111844 -0.0200169 -0.00761833
3.06 0.00891972 0.110493 -0.0219532 -0.0101727
3.08 0.00882252 0.109097 -0.0237593 -0.0127171
3.1 0.0087283 0.107671 -0.0254385 -0.0152401
3.12 0.00863728 0.106228 -0.0269854 -0.0177337
3.14 0.00854963 0.104782 -0.0283952 -0.0201835
3.16 0.00846551 0.103341 -0.029663 -0.0225828
3.18 0.008385 0.101916 -0.0307857 -0.0249144
3.2 0.0083082 0.100512 -0.0317587 -0.0271777
3.22 0.00823517 0.0991371 -0.0325802 -0.0293579
3.24 0.00816595 0.0977951 -0.0332472 -0.0314503
3.26 0.00810055 0.0964911 -0.0337585 -0.0334405
3.28 0.00803898 0.0952284 -0.0341132 -0.0353217
3.3 0.00798123 0.0940098 -0.0343111 -0.0370847
3.32 0.00792728 0.0928375 -0.0343528 -0.0387212
3.34 0.0078771 0.0917135 -0.0342399 -0.0402224
3.36 0.00783064 0.0906382 -0.0339744 -0.041589
3.38 0.00778786 0.0896146 -0.0335595 -0.0427926
3.4 0.0077487 0.08864 -0.0329988 -0.0438596
3.42 0.00771309 0.0877176 -0.032297 -0.0447568
3.44 0.00768097 0.086846 -0.0314596 -0.0454928
3.46 0.00765226 0.0860254 -0.0304929 -0.0460613
3.48 0.00762688 0.0852554 -0.0294038 -0.0464593
3.5 0.00760474 0.0845355 -0.0282001 -0.0466847
3.52 0.00758576 0.0838652 -0.0268904 -0.0467364
3.54 0.00756984 0.0832439 -0.0254843 -0.046614
3.56 0.00755689 0.0826706 -0.023989 -0.0463181
3.58 0.00754667 0.0821447 -0.0224367 -0.0458505
3.6 0.00753948 0.0816652 -0.0207808 -0.0452137
3.62 0.0075347 0.0812312 -0.0191089 -0.0444112
3.64 0.00753262 0.0808418 -0.0173704 -0.0434476
3.66 0.00753295 0.0804958 -0.0156051 -0.0423285
3.68 0.00753563 0.0801924 -0.0138167 -0.0410605
3.7 0.00754057 0.0799303 -0.0120136 -0.0396509
3.72 0.00754768 0.0797085 -0.0102034 -0.0381096
3.74 0.0075569 0.0795264 -0.00839326 -0.0364389
3.76 0.00756813 0.0793815 -0.0065895 -0.0346637
3.78 0.0075813 0.0792743 -0.00479795 -0.0327785
3.8 0.00759633 0.0792019 -0.00302392 -0.0308117
3.82 0.00761315 0.0791649 -0.00127222 -0.0287568
3.84 0.00763169 0.0791605 0.000452789 -0.0266428
3.86 0.00765188 0.0791884 0.00214714 -0.0244728
3.88 0.00767363 0.0792473 0.00380725 -0.0222595
3.9 0.00769689 0.0793361 0.00542985 -0.0200129
3.92 0.00772157 0.0794538 0.00701212 -0.0177424
3.94 0.00774762 0.0795993 0.0085518 -0.015457
3.96 0.007775 0.0797718 0.0100504 -0.0131649
3.98 0.0078036 0.0799701 0.0115009 -0.0108738
4 0.0078333 0.0801934 0.0129005 -0.00859088
4.02 0.00786399 0.0804407 0.0142436 -0.00632292
4.04 0.00789564 0.080711 0.015533 -0.0040762
4.06 0.00792817 0.0810033 0.0167674 -0.00185658
4.08 0.00796151 0.0813167 0.0179458 0.000330461
4.1 0.00799557 0.0816502 0.0190667 0.0024798
4.12 0.00803025 0.0820028 0.0201289 0.00458664
4.14 0.00806548 0.0823735 0.0211313 0.00664654
4.16 0.00810114 0.0827613 0.0220729 0.00865525
4.18 0.00813715 0.083165 0.022952 0.0106089
4.2 0.00817341 0.0835836 0.0237685 0.0125038
4.22 0.00820981 0.0840159 0.0245205 0.0143364
4.24 0.00824624 0.0844608 0.0252073 0.0161035
4.26 0.0082826 0.084917 0.0258278 0.017802
4.28 0.00831877 0.0853834 0.0263808 0.019429
4.3 0.00835464 0.0858587 0.0268651 0.0209818
4.32 0.00839009 0.0863414 0.0272796 0.0224576
4.34 0.00842498 0.0868303 0.0276229 0.0238544
4.36 0.0084592 0.0873235 0.0278937 0.0251664
4.38 0.00849261 0.0878209 0.0280905 0.0264008
4.4 0.00852509 0.0883189 0.0282118 0.0275413
4.42 0.00855649 0.0888177 0.0282557 0.0285983
4.44 0.00858667 0.089315 0.0282206 0.029564
4.46 0.00861549 0.0898094 0.0281043 0.030438
4.48 0.00864281 0.0902992 0.0279048 0.0312189
4.5 0.00866847 0.0907828 0.0276196 0.0319053
4.52 0.00869233 0.0912585 0.0272463 0.032496
4.54 0.00871422 0.0917248 0.0267819 0.0329897
4.56 0.00873399 0.0921798 0.0262232 0.0333852
4.58 0.00875145 0.0926219 0.0255644 0.0336812
4.6 0.00876655 0.0930494 0.0248103 0.0338764
4.62 0.00877914 0.0934603 0.0239554 0.0339693
4.64 0.00878912 0.0938529 0.0230005 0.0339582
4.66 0.00879647 0.0942253 0.0219479 0.0338415
4.68 0.00880119 0.0945758 0.0208023 0.0336171
4.7 0.00880333 0.0949022 0.0195691 0.0332829
4.72 0.00880294 0.0952029 0.0182548 0.0328366
4.74 0.0088001 0.0954757 0.0168665 0.0322753
4.76 0.00879493 0.0957188 0.0154122 0.0315961
4.78 0.00878755 0.0959302 0.0138999 0.0307957
4.8 0.00877808 0.096108 0.012338 0.0298711
4.82 0.00876668 0.096251 0.0107349 0.0288217
4.84 0.00875347 0.0963583 0.00909937 0.0276492
4.86 0.00873863 0.0964299 0.00743972 0.0263578
4.88 0.0087223 0.0964659 0.00576435 0.0249531
4.9 0.00870464 0.0964671 0.00408144 0.0234422
4.92 0.00868579 0.0964346 0.002399 0.0218333
4.94 0.00866593 0.0963697 0.000724669 0.0201354
4.96 0.00864518 0.096274 -0.000934054 0.0183583
4.98 0.00862369 0.0961493 -0.00257017 0.0165119
5 0.00860161 0.0959976 -0.00417678 0.0146065
5.02 0.00857906 0.0958209 -0.00574758 0.0126525
5.04 0.00855617 0.0956213 -0.00727641 0.0106603
5.06 0.00853307 0.095401 -0.00875766 0.00864022
5.08 0.00850987 0.0951621 -0.010186 0.00660237
5.1 0.00848667 0.0949068 -0.0115565 0.00455666
5.12 0.00846358 0.0946373 -0.0128646 0.0025127
5.14 0.00844068 0.0943556 -0.0141062 0.000479789
5.16 0.00841808 0.0940638 -0.0152774 -0.00153314
5.18 0.00839585 0.0937637 -0.0163752 -0.00351754
5.2 0.00837406 0.0934572 -0.0173962 -0.00546526
5.22 0.00835279 0.0931461 -0.0183382 -0.0073686
5.24 0.0083321 0.0928321 -0.0191987 -0.00922026
5.26 0.00831204 0.0925168 -0.0199761 -0.0110134
5.28 0.00829266 0.0922016 -0.0206689 -0.0127417
5.3 0.00827402 0.091888 -0.021276 -0.0143991
5.32 0.00825615 0.0915772 -0.0217968 -0.0159803
5.34 0.00823909 0.0912704 -0.0222308 -0.0174802
5.36 0.00822287 0.0909688 -0.0225781 -0.0188943
5.38 0.00820752 0.0906734 -0.0228389 -0.0202185
5.4 0.00819306 0.090385 -0.0230141 -0.0214494
5.42 0.0081795 0.0901046 -0.0231044 -0.0225836
5.44 0.00816687 0.0898328 -0.0231112 -0.0236186
5.46 0.00815517 0.0895705 -0.0230361 -0.0245522
5.48 0.00814442 0.0893181 -0.0228808 -0.0253825
5.5 0.0081346 0.0890763 -0.0226475 -0.0261083
5.52 0.00812574 0.0888455 -0.0223384 -0.0267287
5.54 0.00811782 0.0886261 -0.0219562 -0.0272431
5.56 0.00811084 0.0884185 -0.0215036 -0.0276516
5.58 0.00810479 0.0882229 -0.0209836 -0.0279544
5.6 0.00809966 0.0880397 -0.0203993 -0.0281524
5.62 0.00809544 0.0878689 -0.019754 -0.0282466
5.64 0.00809212 0.0877108 -0.0190511 -0.0282385
5.66 0.00808968 0.0875654 -0.0182943 -0.02813
5.68 0.0080881 0.0874328 -0.0174871 -0.0279233
5.7 0.00808736 0.0873129 -0.0166334 -0.0276209
5.72 0.00808743 0.0872058 -0.015737 -0.0272256
5.74 0.00808831 0.0871114 -0.0148017 -0.0267405
5.76 0.00808995 0.0870296 -0.0138315 -0.026169
5.78 0.00809233 0.0869602 -0.0128304 -0.0255146
5.8 0.00809543 0.0869031 -0.0118023 -0.0247813
5.82 0.00809922 0.0868581 -0.0107513 -0.0239731
5.84 0.00810366 0.086825 -0.00968127 -0.0230943
5.86 0.00810873 0.0868036 -0.00859621 -0.0221492
5.88 0.00811439 0.0867935 -0.00750005 -0.0211425
5.9 0.0081206 0.0867944 -0.00639667 -0.0200787
5.92 0.00812734 0.0868061 -0.00528992 -0.0189628
5.94 0.00813457 0.0868283 -0.00418355 -0.0177996
5.96 0.00814225 0.0868604 -0.00308129 -0.016594
5.98 0.00815035 0.0869023 -0.00198675 -0.015351
6 0.00815883 0.0869535 -0.000903487 -0.0140757
6.02 0.00816766 0.0870136 0.000165063 -0.012773
6.04 0.00817678 0.0870821 0.00121556 -0.011448
6.06 0.00818618 0.0871586 0.00224479 -0.0101058
6.08 0.0081958 0.0872428 0.00324965 -0.0087512
6.1 0.00820561 0.087334 0.00422715 -0.00738921
6.12 0.00821558 0.0874319 0.00517444 -0.00602467
6.14 0.00822566 0.087536 0.00608882 -0.00466234
6.16 0.00823581 0.0876457 0.00696772 -0.00330689
6.18 0.00824601 0.0877606 0.00780866 -0.00196289
6.2 0.0082562 0.0878801 0.00860946 -0.000634791
6.22 0.00826636 0.0880038 0.00936791 0.00067309
6.24 0.00827645 0.0881311 0.0100821 0.00195658
6.26 0.00828643 0.0882615 0.0107502 0.00321165
6.28 0.00829627 0.0883945 0.0113706 0.00443444
6.3 0.00830594 0.0885296 0.0119418 0.00562126
6.32 0.0083154 0.0886662 0.0124626 0.00676858
6.34 0.00832462 0.0888039 0.0129317 0.00787307
6.36 0.00833357 0.0889421 0.0133483 0.0089316
6.38 0.00834222 0.0890802 0.0137116 0.00994123
6.4 0.00835055 0.0892179 0.014021 0.0108992
6.42 0.00835853 0.0893546 0.0142761 0.011803
6.44 0.00836614 0.0894899 0.0144767 0.0126504
6.46 0.00837335 0.0896232 0.0146227 0.0134391
6.48 0.00838014 0.0897541 0.0147142 0.0141675
6.5 0.0083865 0.0898822 0.0147516 0.0148337
6.52 0.00839241 0.090007 0.0147354 0.0154364
6.54 0.00839785 0.0901282 0.0146662 0.0159744
6.56 0.00840282 0.0902453 0.0145451 0.0164467
6.58 0.0084073 0.090358 0.014373 0.0168526
6.6 0.00841129 0.090466 0.0141513 0.0171915
6.62 0.00841478 0.0905688 0.0138814 0.0174632
6.64 0.00841777 0.0906663 0.0135651 0.0176676
6.66 0.00842026 0.0907581 0.013204 0.0178048
6.68 0.00842225 0.0908441 0.0128004 0.0178752
6.7 0.00842375 0.0909239 0.0123564 0.0178796
6.72 0.00842477 0.0909974 0.0118743 0.0178186
6.74 0.00842531 0.0910644 0.0113567 0.0176934
6.76 0.00842539 0.0911249 0.0108062 0.0175052
6.78 0.00842502 0.0911787 0.0102254 0.0172556
6.8 0.00842421 0.0912257 0.0096173 0.0169464
6.82 0.00842299 0.0912659 0.00898469 0.0165795
6.84 0.00842137 0.0912993 0.00833052 0.0161572
6.86 0.00841937 0.091326 0.00765776 0.0156818
6.88 0.008417 0.091346 0.00696942 0.015156
6.9 0.00841431 0.0913595 0.00626849 0.0145827
6.92 0.00841129 0.0913664 0.00555794 0.0139648
6.94 0.00840798 0.0913671 0.00484074 0.0133056
6.96 0.00840441 0.0913617 0.00411979 0.0126082
6.98 0.00840059 0.0913504 0.00339797 0.0118762
7 0.00839655 0.0913334 0.00267806 0.0111131
7.02 0.00839231 0.091311 0.00196279 0.0103223
7.04 0.0083879 0.0912834 0.00125478 0.00950763
7.06 0.00838334 0.091251 0.000556582 0.00867267
7.08 0.00837866 0.091214 -0.000129386 0.00782109
7.1 0.00837387 0.0911727 -0.000800795 0.00695657
7.12 0.008369 0.0911275 -0.00145544 0.00608276
7.14 0.00836407 0.0910786 -0.00209124 0.00520323
7.16 0.0083591 0.0910265 -0.00270625 0.00432153
7.18 0.00835412 0.0909713 -0.00329862 0.00344111
7.2 0.00834914 0.0909135 -0.00386669 0.00256535
7.22 0.00834419 0.0908534 -0.00440889 0.00169752
7.24 0.00833927 0.0907913 -0.00492381 0.00084076
7.26 0.00833442 0.0907275 -0.00541018 -1.88552e-06
7.28 0.00832963 0.0906623 -0.00586687 -0.000827521
7.3 0.00832494 0.0905961 -0.00629287 -0.00163339
7.32 0.00832035 0.0905292 -0.00668735 -0.00241688
7.34 0.00831588 0.0904617 -0.00704958 -0.00317553
7.36 0.00831155 0.0903941 -0.00737899 -0.00390705
7.38 0.00830735 0.0903265 -0.00767514 -0.00460931
7.4 0.00830331 0.0902593 -0.00793772 -0.00528034
7.42 0.00829943 0.0901927 -0.00816655 -0.00591835
7.44 0.00829572 0.0901269 -0.00836159 -0.00652171
7.46 0.0082922 0.0900622 -0.0085229 -0.00708896
7.48 0.00828886 0.0899987 -0.00865068 -0.00761884
7.5 0.00828571 0.0899366 -0.00874524 -0.00811023
7.52 0.00828276 0.0898763 -0.00880701 -0.0085622
7.54 0.00828002 0.0898177 -0.0088365 -0.00897398
7.56 0.00827748 0.0897611 -0.00883435 -0.00934499
7.58 0.00827515 0.0897065 -0.0088013 -0.00967478
7.6 0.00827302 0.0896543 -0.00873815 -0.0099631
7.62 0.00827111 0.0896044 -0.00864581 -0.0102098
7.64 0.00826941 0.0895569 -0.00852528 -0.010415
7.66 0.00826792 0.089512 -0.00837762 -0.0105788
7.68 0.00826664 0.0894698 -0.00820397 -0.0107017
7.7 0.00826557 0.0894303 -0.00800552 -0.010784
7.72 0.0082647 0.0893935 -0.00778353 -0.0108264
7.74 0.00826404 0.0893595 -0.00753931 -0.0108296
7.76 0.00826357 0.0893283 -0.00727424 -0.0107946
7.78 0.00826329 0.0893001 -0.00698969 -0.0107222
7.8 0.0082632 0.0892746 -0.00668712 -0.0106136
7.82 0.0082633 0.0892521 -0.00636798 -0.01047
7.84 0.00826357 0.0892324 -0.00603378 -0.0102928
7.86 0.00826401 0.0892155 -0.00568602 -0.0100831
7.88 0.00826461 0.0892015 -0.00532622 -0.00984267
7.9 0.00826538 0.0891902 -0.00495591 -0.00957289
7.92 0.00826629 0.0891816 -0.00457663 -0.00927542
7.94 0.00826734 0.0891757 -0.00418991 -0.00895193
7.96 0.00826852 0.0891725 -0.00379728 -0.00860416
7.98 0.00826983 0.0891717 -0.00340023 -0.00823388
8 0.00827126 0.0891735 -0.00300027 -0.0078429
8.02 0.00827279 0.0891776 -0.00259886 -0.00743308
8.04 0.00827443 0.089184 -0.00219744 -0.00700629
8.06 0.00827615 0.0891926 -0.00179743 -0.00656441
8.08 0.00827796 0.0892034 -0.0014002 -0.00610936
8.1 0.00827984 0.0892161 -0.00100709 -0.00564304
8.12 0.00828178 0.0892307 -0.000619384 -0.00516735
8.14 0.00828378 0.0892472 -0.000238331 -0.00468418
8.16 0.00828582 0.0892653 0.000134873 -0.00419542
8.18 0.0082879 0.0892849 0.000499087 -0.00370293
8.2 0.00829001 0.0893061 0.000853227 -0.00320852
8.22 0.00829213 0.0893285 0.00119626 -0.002714
8.24 0.00829427 0.0893522 0.00152724 -0.00222113
8.26 0.00829642 0.0893769 0.00184524 -0.00173161
8.28 0.00829855 0.0894026 0.00214944 -0.00124711
8.3 0.00830068 0.0894291 0.00243907 -0.000769245
8.32 0.00830278 0.0894564 0.00271343 -0.000299552
8.34 0.00830486 0.0894843 0.00297188 0.000160476
8.36 0.00830691 0.0895126 0.00321387 0.000609421
8.38 0.00830891 0.0895413 0.0034389 0.00104593
8.4 0.00831087 0.0895703 0.00364657 0.00146873
8.42 0.00831277 0.0895993 0.00383652 0.00187663
8.44 0.00831462 0.0896285 0.00400848 0.0022685
8.46 0.0083164 0.0896575 0.00416224 0.00264331
8.48 0.00831811 0.0896863 0.00429768 0.0030001
8.5 0.00831976 0.0897149 0.00441474 0.003338
8.52 0.00832132 0.089743 0.00451341 0.00365624
8.54 0.00832281 0.0897707 0.00459377 0.00395413
8.56 0.00832421 0.0897978 0.00465596 0.00423105
8.58 0.00832553 0.0898242 0.00470019 0.0044865
8.6 0.00832676 0.08985 0.00472672 0.00472004
8.62 0.00832789 0.0898749 0.00473586 0.00493135
8.64 0.00832894 0.0898989 0.00472802 0.00512017
8.66 0.0083299 0.089922 0.00470361 0.00528635
8.68 0.00833076 0.0899441 0.00466313 0.0054298
8.7 0.00833153 0.0899651 0.00460711 0.00555054
8.72 0.0083322 0.0899851 0.00453614 0.00564867
8.74 0.00833278 0.0900039 0.00445084 0.00572435
8.76 0.00833327 0.0900215 0.00435187 0.00577784
8.78 0.00833367 0.090038 0.00423993 0.00580948
8.8 0.00833398 0.0900532 0.00411574 0.00581966
8.82 0.0083342 0.0900671 0.00398007 0.00580887
8.84 0.00833433 0.0900798 0.0038337 0.00577763
8.86 0.00833439 0.0900912 0.00367742 0.00572656
8.88 0.00833436 0.0901014 0.00351206 0.00565633
8.9 0.00833425 0.0901103 0.00333843 0.00556764
8.92 0.00833407 0.0901179 0.00315739 0.00546129
8.94 0.00833381 0.0901242 0.00296978 0.00533808
8.96 0.00833349 0.0901293 0.00277645 0.00519888
8.98 0.0083331 0.0901332 0.00257824 0.0050446
9 0.00833265 0.090136 0.00237599 0.00487617
9.02 0.00833215 0.0901375 0.00217054 0.00469456
9.04 0.00833158 0.0901379 0.00196271 0.00450076
9.06 0.00833097 0.0901372 0.00175332 0.00429579
9.08 0.00833032 0.0901355 0.00154315 0.00408066
9.1 0.00832962 0.0901328 0.00133298 0.00385643
9.12 0.00832888 0.090129 0.00112357 0.00362414
9.14 0.00832811 0.0901244 0.000915645 0.00338484
9.16 0.00832731 0.0901189 0.000709909 0.00313958
9.18 0.00832648 0.0901125 0.00050704 0.0028894
9.2 0.00832564 0.0901054 0.000307686 0.00263533
9.22 0.00832477 0.0900976 0.000112465 0.00237839
9.24 0.00832389 0.0900891 -7.80384e-05 0.0021196
9.26 0.008323 0.0900799 -0.000263272 0.00185992
9.28 0.0083221 0.0900703 -0.00044272 0.00160033
9.3 0.0083212 0.0900601 -0.000615899 0.00134175
9.32 0.0083203 0.0900494 -0.000782364 0.00108509
9.34 0.0083194 0.0900384 -0.000941705 0.000831223
9.36 0.00831851 0.0900271 -0.00109355 0.000580983
9.38 0.00831762 0.0900154 -0.00123757 0.000335174
9.4 0.00831676 0.0900035 -0.00137346 9.4559e-05
9.42 0.0083159 0.0899915 -0.00150096 -0.000140138
9.44 0.00831506 0.0899793 -0.00161985 -0.000368235
9.46 0.00831425 0.089967 -0.00172994 -0.000589092
9.48 0.00831345 0.0899547 -0.00183109 -0.000802116
9.5 0.00831269 0.0899424 -0.00192318 -0.00100676
9.52 0.00831194 0.0899302 -0.00200614 -0.00120251
9.54 0.00831123 0.0899181 -0.00207991 -0.00138891
9.56 0.00831054 0.0899061 -0.0021445 -0.00156556
9.58 0.00830989 0.0898943 -0.00219992 -0.00173208
9.6 0.00830927 0.0898827 -0.00224623 -0.00188815
9.62 0.00830869 0.0898714 -0.00228352 -0.00203351
9.64 0.00830813 0.0898603 -0.0023119 -0.00216793
9.66 0.00830762 0.0898496 -0.00233151 -0.00229123
9.68 0.00830714 0.0898392 -0.00234252 -0.00240327
9.7 0.0083067 0.0898292 -0.00234514 -0.00250396
9.72 0.00830629 0.0898196 -0.00233958 -0.00259324
9.74 0.00830592 0.0898104 -0.00232608 -0.00267112
9.76 0.00830559 0.0898016 -0.00230491 -0.00273763
9.78 0.0083053 0.0897933 -0.00227635 -0.00279284
9.8 0.00830504 0.0897855 -0.00224071 -0.00283685
9.82 0.00830482 0.0897781 -0.0021983 -0.00286983
9.84 0.00830463 0.0897712 -0.00214946 -0.00289195
9.86 0.00830449 0.0897648 -0.00209453 -0.00290343
9.88 0.00830437 0.089759 -0.00203387 -0.00290452
9.9 0.00830429 0.0897536 -0.00196785 -0.0028955
9.92 0.00830425 0.0897487 -0.00189685 -0.00287667
9.94 0.00830424 0.0897444 -0.00182126 -0.00284837
9.96 0.00830425 0.0897405 -0.00174146 -0.00281095
9.98 0.0083043 0.0897372 -0.00165785 -0.00276479
10 0.00830438 0.0897344 -0.00157082 -0.0027103
10.02 0.00830449 0.089732 -0.00148077 -0.00264789
10.04 0.00830462 0.0897302 -0.00138811 -0.002578
10.06 0.00830477 0.0897288 -0.00129322 -0.00250107
10.08 0.00830495 0.0897279 -0.0011965 -0.00241758
10.1 0.00830516 0.0897274 -0.00109834 -0.00232798
10.12 0.00830538 0.0897274 -0.000999123 -0.00223276
10.14 0.00830562 0.0897278 -0.000899217 -0.00213242
10.16 0.00830588 0.0897286 -0.000798995 -0.00202744
10.18 0.00830616 0.0897298 -0.000698816 -0.00191831
10.2 0.00830645 0.0897313 -0.000599027 -0.00180554
10.22 0.00830676 0.0897332 -0.000499967 -0.00168962
10.24 0.00830707 0.0897355 -0.000401961 -0.00157104
10.26 0.0083074 0.0897381 -0.000305322 -0.00145029
10.28 0.00830773 0.089741 -0.000210348 -0.00132786
10.3 0.00830807 0.0897441 -0.000117327 -0.00120422
10.32 0.00830842 0.0897475 -2.6526e-05 -0.00107983
10.34 0.00830877 0.0897512 6.17984e-05 -0.000955154
10.36 0.00830912 0.089755 0.000147408 -0.000830638
10.38 0.00830948 0.0897591 0.00023008 -0.000706712
10.4 0.00830983 0.0897633 0.000309608 -0.000583794
10.42 0.00831019 0.0897677 0.000385805 -0.000462288
10.44 0.00831054 0.0897722 0.000458497 -0.000342579
10.46 0.00831089 0.0897768 0.000527532 -0.000225037
10.48 0.00831123 0.0897815 0.00059277 -0.000110014
10.5 0.00831157 0.0897862 0.000654094 2.15805e-06
10.52 0.0083119 0.0897911 0.0007114 0.000111165
10.54 0.00831222 0.0897959 0.000764604 0.000216713
10.56 0.00831253 0.0898008 0.000813637 0.000318531
10.58 0.00831284 0.0898056 0.000858448 0.000416366
10.6 0.00831313 0.0898104 0.000899003 0.000509987
10.62 0.00831341 0.0898152 0.000935281 0.000599185
10.64 0.00831368 0.08982 0.000967282 0.000683773
10.66 0.00831394 0.0898246 0.000995017 0.000763585
10.68 0.00831419 0.0898292 0.00101851 0.000838477
10.7 0.00831442 0.0898337 0.00103781 0.000908327
10.72 0.00831464 0.0898381 0.00105297 0.000973033
10.74 0.00831484 0.0898423 0.00106405 0.00103252
10.76 0.00831503 0.0898464 0.00107114 0.00108672
10.78 0.00831521 0.0898504 0.00107434 0.0011356
10.8 0.00831537 0.0898542 0.00107373 0.00117914
10.82 0.00831552 0.0898578 0.00106945 0.00121735
10.84 0.00831565 0.0898613 0.00106161 0.00125024
10.86 0.00831577 0.0898646 0.00105034 0.00127785
10.88 0.00831588 0.0898677 0.00103579 0.00130024
10.9 0.00831597 0.0898706 0.00101811 0.00131748
10.92 0.00831604 0.0898734 0.000997444 0.00132966
10.94 0.0083161 0.0898759 0.000973964 0.00133689
10.96 0.00831615 0.0898783 0.000947832 0.00133929
10.98 0.00831619 0.0898804 0.00091922 0.00133699
11 0.00831621 0.0898823 0.000888301 0.00133014
11.02 0.00831622 0.0898841 0.000855254 0.00131889
11.04 0.00831622 0.0898856 0.000820258 0.00130342
11.06 0.0083162 0.089887 0.000783492 0.0012839
11.08 0.00831618 0.0898881 0.00074514 0.00126052
11.1 0.00831614 0.0898891 0.000705383 0.00123348
11.12 0.0083161 0.0898899 0.000664401 0.00120299
11.14 0.00831604 0.0898905 0.000622376 0.00116924
11.16 0.00831597 0.0898909 0.000579483 0.00113246
11.18 0.0083159 0.0898911 0.0005359 0.00109287
11.2 0.00831582 0.0898912 0.000491799 0.00105069
11.22 0.00831573 0.0898911 0.000447349 0.00100615
11.24 0.00831563 0.0898908 0.000402715 0.000959465
11.26 0.00831553 0.0898904 0.000358057 0.00091087
11.28 0.00831542 0.0898898 0.000313531 0.000860592
11.3 0.00831531 0.0898891 0.000269288 0.000808857
11.32 0.00831519 0.0898883 0.000225472 0.000755889
11.34 0.00831507 0.0898874 0.000182222 0.000701911
11.36 0.00831494 0.0898863 0.000139671 0.000647141
11.38 0.00831482 0.0898851 9.79437e-05 0.000591795
11.4 0.00831469 0.0898839 5.71599e-05 0.000536083
11.42 0.00831456 0.0898825 1.74313e-05 0.00048021
11.44 0.00831442 0.0898811 -2.11373e-05 0.000424376
11.46 0.00831429 0.0898795 -5.84485e-05 0.000368773
11.48 0.00831416 0.089878 -9.44123e-05 0.000313588
11.5 0.00831402 0.0898763 -0.000128946 0.000259
11.52 0.00831389 0.0898746 -0.000161975 0.00020518
11.54 0.00831376 0.0898729 -0.000193433 0.000152293
11.56 0.00831363 0.0898711 -0.000223258 0.000100493
11.58 0.0083135 0.0898693 -0.0002514 4.99256e-05
11.6 0.00831338 0.0898675 -0.000277814 7.29622e-07
11.62 0.00831326 0.0898657 -0.000302462 -4.6967e-05
11.64 0.00831314 0.0898639 -0.000325315 -9.3045e-05
11.66 0.00831302 0.089862 -0.00034635 -0.000137395
11.68 0.00831291 0.0898602 -0.000365551 -0.000179916
11.7 0.00831281 0.0898584 -0.000382911 -0.000220517
11.72 0.0083127 0.0898566 -0.000398426 -0.000259119
11.74 0.0083126 0.0898548 -0.000412101 -0.000295648
11.76 0.00831251 0.0898531 -0.000423948 -0.000330042
11.78 0.00831242 0.0898514 -0.000433982 -0.00036225
11.8 0.00831233 0.0898498 -0.000442227 -0.000392227
11.82 0.00831225 0.0898482 -0.000448709 -0.00041994
11.84 0.00831218 0.0898466 -0.000453464 -0.000445362
11.86 0.00831211 0.0898451 -0.000456528 -0.000468478
11.88 0.00831205 0.0898436 -0.000457944 -0.00048928
11.9 0.00831199 0.0898422 -0.00045776 -0.000507768
11.92 0.00831194 0.0898409 -0.000456028 -0.00052395
11.94 0.00831189 0.0898396 -0.000452801 -0.000537843
11.96 0.00831184 0.0898384 -0.000448139 -0.000549471
11.98 0.00831181 0.0898373 -0.000442103 -0.000558863
12 0.00831177 0.0898362 -0.000434757 -0.000566059
12.02 0.00831175 0.0898352 -0.000426169 -0.000571102
12.04 0.00831172 0.0898343 -0.000416407 -0.000574042
12.06 0.00831171 0.0898335 -0.000405542 -0.000574935
12.08 0.00831169 0.0898327 -0.000393647 -0.000573844
12.1 0.00831169 0.089832 -0.000380795 -0.000570833
12.12 0.00831168 0.0898314 -0.000367061 -0.000565974
12.14 0.00831168 0.0898308 -0.00035252 -0.000559341
12.16 0.00831169 0.0898303 -0.000337249 -0.000551015
12.18 0.0083117 0.0898299 -0.000321323 -0.000541076
12.2 0.00831171 0.0898296 -0.000304817 -0.000529611
12.22 0.00831173 0.0898293 -0.000287807 -0.000516707
12.24 0.00831175 0.0898291 -0.000270367 -0.000502453
12.26 0.00831177 0.089829 -0.000252571 -0.000486943
12.28 0.0083118 0.0898289 -0.000234492 -0.000470268
12.3 0.00831183 0.0898289 -0.0002162 -0.000452525
12.32 0.00831186 0.0898289 -0.000197765 -0.000433807
12.34 0.00831189 0.089829 -0.000179256 -0.000414209
12.36 0.00831193 0.0898292 -0.000160737 -0.000393829
12.38 0.00831197 0.0898294 -0.000142272 -0.00037276
12.4 0.00831201 0.0898296 -0.000123924 -0.000351096
12.42 0.00831205 0.0898299 -0.000105751 -0.000328933
12.44 0.00831209 0.0898302 -8.78094e-05 -0.00030636
12.46 0.00831214 0.0898306 -7.01536e-05 -0.00028347
12.48 0.00831218 0.0898311 -5.28346e-05 -0.000260352
12.5 0.00831223 0.0898315 -3.59008e-05 -0.000237091
12.52 0.00831228 0.089832 -1.93974e-05 -0.000213772
12.54 0.00831232 0.0898325 -3.36707e-06 -0.000190477
12.56 0.00831237 0.0898331 1.2151e-05 -0.000167287
12.58 0.00831242 0.0898336 2.71203e-05 -0.000144275
12.6 0.00831246 0.0898342 4.15078e-05 -0.000121517
12.62 0.00831251 0.0898348 5.52833e-05 -9.90814e-05
12.64 0.00831256 0.0898354 6.84198e-05 -7.70353e-05
12.66 0.0083126 0.0898361 8.08933e-05 -5.54416e-05
12.68 0.00831265 0.0898367 9.26832e-05 -3.43597e-05
12.7 0.00831269 0.0898374 0.000103772 -1.38452e-05
12.72 0.00831274 0.089838 0.000114144 6.04989e-06
12.74 0.00831278 0.0898387 0.000123788 2.52776e-05
12.76 0.00831282 0.0898393 0.000132696 4.37938e-05
12.78 0.00831286 0.08984 0.000140861 6.15581e-05
12.8 0.0083129 0.0898406 0.000148279 7.85344e-05
12.82 0.00831294 0.0898412 0.000154952 9.46903e-05
12.84 0.00831297 0.0898419 0.00016088 0.000109997
12.86 0.00831301 0.0898425 0.000166067 0.000124431
12.88 0.00831304 0.0898431 0.000170522 0.00013797
12.9 0.00831307 0.0898437 0.000174254 0.000150598
12.92 0.0083131 0.0898443 0.000177273 0.000162301
12.94 0.00831312 0.0898448 0.000179593 0.000173071
12.96 0.00831315 0.0898454 0.000181231 0.0001829
12.98 0.00831317 0.0898459 0.000182202 0.000191788
13 0.00831319 0.0898464 0.000182527 0.000199733
13.02 0.00831321 0.0898469 0.000182226 0.00020674
13.04 0.00831323 0.0898473 0.000181321 0.000212817
13.06 0.00831325 0.0898478 0.000179835 0.000217974
13.08 0.00831326 0.0898482 0.000177794 0.000222223
13.1 0.00831327 0.0898485 0.000175222 0.00022558
13.12 0.00831328 0.0898489 0.000172147 0.000228063
13.14 0.00831329 0.0898492 0.000168596 0.000229694
13.16 0.0083133 0.0898495 0.000164598 0.000230495
13.18 0.0083133 0.0898498 0.00016018 0.000230491
13.2 0.00831331 0.0898501 0.000155373 0.000229709
13.22 0.00831331 0.0898503 0.000150206 0.000228178
13.24 0.00831331 0.0898505 0.000144709 0.000225928
13.26 0.00831331 0.0898507 0.000138912 0.000222992
13.28 0.00831331 0.0898508 0.000132844 0.000219401
13.3 0.0083133 0.089851 0.000126537 0.000215191
13.32 0.0083133 0.0898511 0.000120018 0.000210396
13.34 0.00831329 0.0898512 0.000113318 0.000205054
13.36 0.00831328 0.0898512 0.000106466 0.0001992
13.38 0.00831327 0.0898513 9.94894e-05 0.000192871
13.4 0.00831327 0.0898513 9.24173e-05 0.000186107
13.42 0.00831326 0.0898513 8.52766e-05 0.000178943
13.44 0.00831324 0.0898513 7.80939e-05 0.000171419
13.46 0.00831323 0.0898512 7.08951e-05 0.000163571
13.48 0.00831322 0.0898511 6.37051e-05 0.000155439
13.5 0.00831321 0.0898511 5.65481e-05 0.000147059
13.52 0.00831319 0.089851 4.94471e-05 0.000138468
13.54 0.00831318 0.0898509 4.24244e-05 0.000129702
13.56 0.00831316 0.0898507 3.5501e-05 0.000120798
13.58 0.00831315 0.0898506 2.8697e-05 0.000111791
13.6 0.00831313 0.0898505 2.20314e-05 0.000102714
13.62 0.00831312 0.0898503 1.55219e-05 9.36004e-05
13.64 0.0083131 0.0898501 9.18524e-06 8.44833e-05
13.66 0.00831308 0.0898499 3.03681e-06 7.53934e-05
13.68 0.00831307 0.0898498 -2.90906e-06 6.63607e-05
13.7 0.00831305 0.0898496 -8.63927e-06 5.74138e-05
13.72 0.00831304 0.0898494 -1.41419e-05 4.85803e-05
13.74 0.00831302 0.0898491 -1.94063e-05 3.98863e-05
13.76 0.00831301 0.0898489 -2.44229e-05 3.13564e-05
13.78 0.00831299 0.0898487 -2.91834e-05 2.3014e-05
13.8 0.00831298 0.0898485 -3.36806e-05 1.48809e-05
13.82 0.00831296 0.0898483 -3.79085e-05 6.97748e-06
13.84 0.00831295 0.0898481 -4.18622e-05 -6.77339e-07
13.86 0.00831293 0.0898478 -4.55379e-05 -8.0662e-06
13.88 0.00831292 0.0898476 -4.89329e-05 -1.51733e-05
13.9 0.0083129 0.0898474 -5.20457e-05 -2.19842e-05
13.92 0.00831289 0.0898472 -5.48756e-05 -2.84861e-05
13.94 0.00831288 0.089847 -5.74229e-05 -3.46678e-05
13.96 0.00831287 0.0898468 -5.96889e-05 -4.05194e-05
13.98 0.00831286 0.0898465 -6.1676e-05 -4.60325e-05
14 0.00831285 0.0898463 -6.33872e-05 -5.12003e-05
14.02 0.00831284 0.0898461 -6.48265e-05 -5.60172e-05
14.04 0.00831283 0.0898459 -6.59986e-05 -6.04792e-05
14.06 0.00831282 0.0898458 -6.6909e-05 -6.45835e-05
14.08 0.00831281 0.0898456 -6.75638e-05 -6.83288e-05
14.1 0.0083128 0.0898454 -6.79698e-05 -7.1715e-05
14.12 0.00831279 0.0898452 -6.81346e-05 -7.4743e-05
14.14 0.00831279 0.0898451 -6.80661e-05 -7.74153e-05
14.16 0.00831278 0.0898449 -6.77728e-05 -7.97352e-05
14.18 0.00831278 0.0898448 -6.72636e-05 -8.17073e-05
14.2 0.00831277 0.0898447 -6.6548e-05 -8.3337e-05
14.22 0.00831277 0.0898445 -6.56357e-05 -8.4631e-05
14.24 0.00831276 0.0898444 -6.45368e-05 -8.55966e-05
14.26 0.00831276 0.0898443 -6.32616e-05 -8.62421e-05
14.28 0.00831276 0.0898442 -6.18207e-05 -8.65767e-05
14.3 0.00831276 0.0898441 -6.02249e-05 -8.66101e-05
14.32 0.00831276 0.089844 -5.84851e-05 -8.63528e-05
14.34 0.00831276 0.0898439 -5.66123e-05 -8.58161e-05
14.36 0.00831276 0.0898439 -5.46175e-05 -8.50115e-05
14.38 0.00831276 0.0898438 -5.25119e-05 -8.39514e-05
14.4 0.00831276 0.0898438 -5.03066e-05 -8.26482e-05
14.42 0.00831276 0.0898437 -4.80124e-05 -8.11151e-05
14.44 0.00831276 0.0898437 -4.56404e-05 -7.93653e-05
14.46 0.00831276 0.0898437 -4.32013e-05 -7.74125e-05
14.48 0.00831276 0.0898436 -4.07058e-05 -7.52704e-05
14.5 0.00831277 0.0898436 -3.81643e-05 -7.2953e-05
14.52 0.00831277 0.0898436 -3.55869e-05 -7.04744e-05
14.54 0.00831277 0.0898436 -3.29837e-05 -6.78487e-05
14.56 0.00831278 0.0898436 -3.03644e-05 -6.509e-05
14.58 0.00831278 0.0898436 -2.77383e-05 -6.22123e-05
14.6 0.00831278 0.0898437 -2.51145e-05 -5.92296e-05
14.62 0.00831279 0.0898437 -2.25018e-05 -5.61556e-05
14.64 0.00831279 0.0898437 -1.99086e-05 -5.30041e-05
14.66 0.0083128 0.0898437 -1.73429e-05 -4.97884e-05
14.68 0.0083128 0.0898438 -1.48122e-05 -4.65216e-05
14.7 0.00831281 0.0898438 -1.23239e-05 -4.32167e-05
14.72 0.00831281 0.0898439 -9.88481e-06 -3.9886e-05
14.74 0.00831282 0.0898439 -7.50126e-06 -3.65418e-05
14.76 0.00831282 0.089844 -5.17928e-06 -3.31958e-05
14.78 0.00831283 0.089844 -2.92443e-06 -2.98593e-05
14.8 0.00831283 0.0898441 -7.41843e-07 -2.65433e-05
14.82 0.00831284 0.0898442 1.36379e-06 -2.3258e-05
14.84 0.00831284 0.0898442 3.38821e-06 -2.00136e-05
14.86 0.00831285 0.0898443 5.32758e-06 -1.68194e-05
14.88 0.00831285 0.0898444 7.17851e-06 -1.36844e-05
14.9 0.00831286 0.0898444 8.938e-06 -1.0617e-05
14.92 0.00831286 0.0898445 1.06035e-05 -7.625e-06
14.94 0.00831287 0.0898446 1.21729e-05 -4.7158e-06
14.96 0.00831287 0.0898447 1.36444e-05 -1.89616e-06
14.98 0.00831288 0.0898447 1.50167e-05 8.27687e-07
15 0.00831288 0.0898448 1.62889e-05 3.45006e-06
15.02 0.00831288 0.0898449 1.74603e-05 5.96585e-06
15.04 0.00831289 0.0898449 1.85307e-05 8.37046e-06
15.06 0.00831289 0.089845 1.95003e-05 1.06599e-05
15.08 0.0083129 0.0898451 2.03695e-05 1.28306e-05
15.1 0.0083129 0.0898451 2.11391e-05 1.48797e-05
15.12 0.0083129 0.0898452 2.18103e-05 1.68046e-05
15.14 0.00831291 0.0898453 2.23844e-05 1.86036e-05
15.16 0.00831291 0.0898453 2.2863e-05 2.02751e-05
15.18 0.00831291 0.0898454 2.32482e-05 2.18182e-05
15.2 0.00831292 0.0898455 2.35421e-05 2.32324e-05
15.22 0.00831292 0.0898455 2.3747e-05 2.45178e-05
15.24 0.00831292 0.0898456 2.38657e-05 2.56746e-05
15.26 0.00831292 0.0898456 2.39008e-05 2.67039e-05
15.28 0.00831292 0.0898457 2.38555e-05 2.76067e-05
15.3 0.00831293 0.0898457 2.37328e-05 2.83848e-05
15.32 0.00831293 0.0898458 2.3536e-05 2.904e-05
15.34 0.00831293 0.0898458 2.32686e-05 2.95749e-05
15.36 0.00831293 0.0898458 2.29341e-05 2.99919e-05
15.38 0.00831293 0.0898459 2.25361e-05 3.02941e-05
15.4 0.00831293 0.0898459 2.20784e-05 3.04846e-05
15.42 0.00831293 0.0898459 2.15646e-05 3.0567e-05
15.44 0.00831293 0.089846 2.09986e-05 3.0545e-05
15.46 0.00831293 0.089846 2.03842e-05 3.04226e-05
15.48 0.00831293 0.089846 1.97254e-05 3.02038e-05
15.5 0.00831293 0.089846 1.90259e-05 2.9893e-05
15.52 0.00831293 0.089846 1.82897e-05 2.94947e-05
15.54 0.00831293 0.0898461 1.75206e-05 2.90133e-05
15.56 0.00831293 0.0898461 1.67223e-05 2.84537e-05
15.58 0.00831293 0.0898461 1.58987e-05 2.78206e-05
15.6 0.00831293 0.0898461 1.50535e-05 2.71189e-05
15.62 0.00831293 0.0898461 1.41903e-05 2.63534e-05
15.64 0.00831293 0.0898461 1.33126e-05 2.55292e-05
15.66 0.00831293 0.0898461 1.2424e-05 2.46511e-05
15.68 0.00831293 0.0898461 1.15278e-05 2.37242e-05
15.7 0.00831293 0.0898461 1.06272e-05 2.27532e-05
15.72 0.00831293 0.0898461 9.72559e-06 2.17433e-05
15.74 0.00831293 0.0898461 8.82585e-06 2.06991e-05
15.76 0.00831292 0.0898461 7.93095e-06 1.96254e-05
15.78 0.00831292 0.0898461 7.04371e-06 1.8527e-05
15.8 0.00831292 0.0898461 6.16678e-06 1.74084e-05
15.82 0.00831292 0.089846 5.3027e-06 1.62742e-05
15.84 0.00831292 0.089846 4.45386e-06 1.51287e-05
15.86 0.00831292 0.089846 3.62252e-06 1.39762e-05
15.88 0.00831292 0.089846 2.81077e-06 1.28207e-05
15.9 0.00831291 0.089846 2.02059e-06 1.16663e-05
15.92 0.00831291 0.089846 1.25379e-06 1.05168e-05
15.94 0.00831291 0.0898459 5.12015e-07 9.37574e-06
15.96 0.00831291 0.0898459 -2.03203e-07 8.24674e-06
15.98 0.00831291 0.0898459 -8.90498e-07 7.13305e-06
16 0.00831291 0.0898459 -1.54865e-06 6.03783e-06
16.02 0.0083129 0.0898459 -2.17658e-06 4.96402e-06
16.04 0.0083129 0.0898458 -2.77335e-06 3.9144e-06
16.06 0.0083129 0.0898458 -3.33817e-06 2.89155e-06
16.08 0.0083129 0.0898458 -3.87038e-06 1.89787e-06
16.1 0.0083129 0.0898458 -4.36946e-06 9.35556e-07
16.12 0.0083129 0.0898458 -4.83502e-06 6.63631e-09
16.14 0.0083129 0.0898457 -5.26681e-06 -8.87066e-07
16.16 0.00831289 0.0898457 -5.66467e-06 -1.74391e-06
16.18 0.00831289 0.0898457 -6.0286e-06 -2.56245e-06
16.2 0.00831289 0.0898457 -6.35868e-06 -3.34141e-06
16.22 0.00831289 0.0898456 -6.65513e-06 -4.0797e-06
16.24 0.00831289 0.0898456 -6.91825e-06 -4.77643e-06
16.26 0.00831289 0.0898456 -7.14846e-06 -5.43085e-06
16.28 0.00831289 0.0898456 -7.34626e-06 -6.04241e-06
16.3 0.00831289 0.0898456 -7.51224e-06 -6.6107e-06
16.32 0.00831289 0.0898456 -7.64708e-06 -7.13549e-06
16.34 0.00831288 0.0898455 -7.75154e-06 -7.6167e-06
16.36 0.00831288 0.0898455 -7.82645e-06 -8.0544e-06
16.38 0.00831288 0.0898455 -7.87271e-06 -8.4488e-06
16.4 0.00831288 0.0898455 -7.89126e-06 -8.80025e-06
16.42 0.00831288 0.0898455 -7.88313e-06 -9.10923e-06
16.44 0.00831288 0.0898455 -7.84938e-06 -9.37634e-06
16.46 0.00831288 0.0898454 -7.79112e-06 -9.60231e-06
16.48 0.00831288 0.0898454 -7.70948e-06 -9.78798e-06
16.5 0.00831288 0.0898454 -7.60567e-06 -9.93426e-06
16.52 0.00831288 0.0898454 -7.48087e-06 -1.00422e-05
16.54 0.00831288 0.0898454 -7.33632e-06 -1.01129e-05
16.56 0.00831288 0.0898454 -7.17329e-06 -1.01476e-05
16.58 0.00831288 0.0898454 -6.99301e-06 -1.01476e-05
16.6 0.00831288 0.0898454 -6.79678e-06 -1.01142e-05
16.62 0.00831288 0.0898454 -6.58586e-06 -1.00487e-05
16.64 0.00831288 0.0898454 -6.36153e-06 -9.95275e-06
16.66 0.00831288 0.0898454 -6.12505e-06 -9.82773e-06
16.68 0.00831288 0.0898453 -5.87769e-06 -9.67523e-06
16.7 0.00831288 0.0898453 -5.6207e-06 -9.4968e-06
16.72 0.00831288 0.0898453 -5.3553e-06 -9.29405e-06
16.74 0.00831288 0.0898453 -5.08271e-06 -9.0686e-06
16.76 0.00831288 0.0898453 -4.8041e-06 -8.82208e-06
16.78 0.00831288 0.0898453 -4.52065e-06 -8.55613e-06
16.8 0.00831288 0.0898453 -4.23348e-06 -8.27238e-06
16.82 0.00831288 0.0898453 -3.94369e-06 -7.97247e-06
16.84 0.00831288 0.0898453 -3.65235e-06 -7.65804e-06
16.86 0.00831288 0.0898453 -3.36048e-06 -7.33068e-06
16.88 0.00831288 0.0898453 -3.06906e-06 -6.992e-06
16.9 0.00831288 0.0898453 -2.77905e-06 -6.64355e-06
16.92 0.00831288 0.0898453 -2.49136e-06 -6.28687e-06
16.94 0.00831288 0.0898453 -2.20684e-06 -5.92348e-06
16.96 0.00831288 0.0898454 -1.92631e-06 -5.55484e-06
16.98 0.00831288 0.0898454 -1.65054e-06 -5.18237e-06
17 0.00831288 0.0898454 -1.38026e-06 -4.80747e-06
17.02 0.00831288 0.0898454 -1.11614e-06 -4.43146e-06
17.04 0.00831289 0.0898454 -8.58816e-07 -4.05565e-06
17.06 0.00831289 0.0898454 -6.0887e-07 -3.68127e-06
17.08 0.00831289 0.0898454 -3.66834e-07 -3.3095e-06
17.1 0.00831289 0.0898454 -1.33197e-07 -2.94147e-06
17.12 0.00831289 0.0898454 9.16033e-08 -2.57826e-06
17.14 0.00831289 0.0898454 3.07174e-07 -2.22088e-06
17.16 0.00831289 0.0898454 5.1317e-07 -1.87028e-06
17.18 0.00831289 0.0898454 7.0929e-07 -1.52736e-06
17.2 0.00831289 0.0898454 8.9528e-07 -1.19295e-06
17.22 0.00831289 0.0898454 1.07093e-06 -8.6782e-07
17.24 0.00831289 0.0898454 1.23607e-06 -5.52679e-07
17.26 0.00831289 0.0898454 1.39057e-06 -2.48175e-07
17.28 0.00831289 0.0898454 1.53435e-06 4.51034e-08
17.3 0.00831289 0.0898454 1.66737e-06 3.26631e-07
17.32 0.00831289 0.0898455 1.78961e-06 5.95943e-07
17.34 0.00831289 0.0898455 1.9011e-06 8.52632e-07
17.36 0.00831289 0.0898455 2.0019e-06 1.09635e-06
17.38 0.00831289 0.0898455 2.09212e-06 1.32681e-06
17.4 0.00831289 0.0898455 2.17186e-06 1.54376e-06
17.42 0.00831289 0.0898455 2.24131e-06 1.74705e-06
17.44 0.00831289 0.0898455 2.30063e-06 1.93652e-06
17.46 0.00831289 0.0898455 2.35004e-06 2.11212e-06
17.48 0.00831289 0.0898455 2.38977e-06 2.27381e-06
17.5 0.00831289 0.0898455 2.42009e-06 2.42161e-06
17.52 0.00831289 0.0898455 2.44127e-06 2.55558e-06
17.54 0.00831289 0.0898455 2.45361e-06 2.67585e-06
17.56 0.00831289 0.0898455 2.45743e-06 2.78255e-06
17.58 0.00831289 0.0898455 2.45305e-06 2.87588e-06
17.6 0.00831289 0.0898455 2.44083e-06 2.95607e-06
17.62 0.00831289 0.0898455 2.42112e-06 3.02337e-06
17.64 0.00831289 0.0898455 2.39429e-06 3.07809e-06
17.66 0.0083129 0.0898455 2.36072e-06 3.12054e-06
17.68 0.0083129 0.0898455 2.32079e-06 3.15108e-06
17.7 0.0083129 0.0898455 2.27489e-06 3.17008e-06
17.72 0.0083129 0.0898455 2.22341e-06 3.17795e-06
17.74 0.0083129 0.0898455 2.16675e-06 3.17511e-06
17.76 0.0083129 0.0898456 2.10531e-06 3.16199e-06
17.78 0.0083129 0.0898456 2.03948e-06 3.13907e-06
17.8 0.0083129 0.0898456 1.96966e-06 3.1068e-06
17.82 0.0083129 0.0898456 1.89624e-06 3.06567e-06
17.84 0.0083129 0.0898456 1.81961e-06 3.01617e-06
17.86 0.0083129 0.0898456 1.74016e-06 2.95881e-06
17.88 0.0083129 0.0898456 1.65825e-06 2.89409e-06
17.9 0.0083129 0.0898456 1.57427e-06 2.82252e-06
17.92 0.0083129 0.0898456 1.48857e-06 2.74462e-06
17.94 0.0083129 0.0898456 1.40151e-06 2.6609e-06
17.96 0.00831289 0.0898456 1.31342e-06 2.57187e-06
17.98 0.00831289 0.0898456 1.22464e-06 2.47805e-06
18 0.00831289 0.0898456 1.1355e-06 2.37992e-06
18.02 0.00831289 0.0898456 1.04629e-06 2.278e-06
18.04 0.00831289 0.0898456 9.57314e-07 2.17277e-06
18.06 0.00831289 0.0898456 8.6886e-07 2.06472e-06
18.08 0.00831289 0.0898456 7.81194e-07 1.95431e-06
18.1 0.00831289 0.0898456 6.94573e-07 1.84201e-06
18.12 0.00831289 0.0898456 6.0924e-07 1.72825e-06
18.14 0.00831289 0.0898456 5.25421e-07 1.61349e-06
18.16 0.00831289 0.0898456 4.43331e-07 1.49813e-06
18.18 0.00831289 0.0898456 3.63169e-07 1.38257e-06
18.2 0.00831289 0.0898456 2.8512e-07 1.26722e-06
18.22 0.00831289 0.0898455 2.09352e-07 1.15244e-06
18.24 0.00831289 0.0898455 1.36021e-07 1.03858e-06
18.26 0.00831289 0.0898455 6.52678e-08 9.2598e-07
18.28 0.00831289 0.0898455 -2.781e-09 8.14963e-07
18.3 0.00831289 0.0898455 -6.80136e-08 7.05828e-07
18.32 0.00831289 0.0898455 -1.30332e-07 5.98856e-07
18.34 0.00831289 0.0898455 -1.89651e-07 4.94312e-07
18.36 0.00831289 0.0898455 -2.45901e-07 3.92438e-07
18.38 0.00831289 0.0898455 -2.99023e-07 2.93462e-07
18.4 0.00831289 0.0898455 -3.48972e-07 1.9759e-07
18.42 0.00831289 0.0898455 -3.95716e-07 1.05009e-07
18.44 0.00831289 0.0898455 -4.39235e-07 1.58885e-08
18.46 0.00831289 0.0898455 -4.79518e-07 -6.96203e-08
18.48 0.00831289 0.0898455 -5.16568e-07 -1.51385e-07
18.5 0.00831289 0.0898455 -5.50398e-07 -2.29292e-07
18.52 0.00831289 0.0898455 -5.8103e-07 -3.03243e-07
18.54 0.00831289 0.0898455 -6.08497e-07 -3.73158e-07
18.56 0.00831289 0.0898455 -6.3284e-07 -4.38975e-07
18.58 0.00831289 0.0898455 -6.5411e-07 -5.00645e-07
18.6 0.00831289 0.0898455 -6.72364e-07 -5.58139e-07
18.62 0.00831289 0.0898455 -6.87669e-07 -6.1144e-07
18.64 0.00831289 0.0898455 -7.00098e-07 -6.60545e-07
18.66 0.00831289 0.0898455 -7.0973e-07 -7.05468e-07
18.68 0.00831289 0.0898455 -7.16649e-07 -7.46235e-07
18.7 0.00831289 0.0898455 -7.20948e-07 -7.82883e-07
18.72 0.00831289 0.0898455 -7.2272e-07 -8.15463e-07
18.74 0.00831289 0.0898455 -7.22068e-07 -8.44037e-07
18.76 0.00831289 0.0898455 -7.19093e-07 -8.68678e-07
18.78 0.00831289 0.0898455 -7.13903e-07 -8.89468e-07
18.8 0.00831289 0.0898455 -7.06608e-07 -9.06499e-07
18.82 0.00831289 0.0898455 -6.97321e-07 -9.19872e-07
18.84 0.00831289 0.0898455 -6.86155e-07 -9.29695e-07
18.86 0.00831289 0.0898455 -6.73226e-07 -9.36084e-07
18.88 0.00831289 0.0898455 -6.58651e-07 -9.39161e-07
18.9 0.00831289 0.0898455 -6.42546e-07 -9.39054e-07
18.92 0.00831289 0.0898455 -6.25029e-07 -9.35896e-07
18.94 0.00831289 0.0898455 -6.06217e-07 -9.29826e-07
18.96 0.00831289 0.0898455 -5.86226e-07 -9.20985e-07
18.98 0.00831289 0.0898455 -5.65172e-07 -9.09517e-07
19 0.00831289 0.0898455 -5.43167e-07 -8.95571e-07
19.02 0.00831289 0.0898455 -5.20326e-07 -8.79295e-07
19.04 0.00831289 0.0898455 -4.96756e-07 -8.60842e-07
19.06 0.00831289 0.0898455 -4.72568e-07 -8.40362e-07
19.08 0.00831289 0.0898455 -4.47866e-07 -8.18008e-07
19.1 0.00831289 0.0898455 -4.22752e-07 -7.93932e-07
19.12 0.00831289 0.0898455 -3.97328e-07 -7.68286e-07
19.14 0.00831289 0.0898455 -3.71688e-07 -7.41218e-07
19.16 0.00831289 0.0898455 -3.45927e-07 -7.12879e-07
19.18 0.00831289 0.0898455 -3.20133e-07 -6.83413e-07
19.2 0.00831289 0.0898455 -2.94393e-07 -6.52966e-07
19.22 0.00831289 0.0898455 -2.68789e-07 -6.21678e-07
19.24 0.00831289 0.0898455 -2.43399e-07 -5.89687e-07
19.26 0.00831289 0.0898455 -2.18296e-07 -5.57129e-07
19.28 0.00831289 0.0898455 -1.93551e-07 -5.24133e-07
19.3 0.00831289 0.0898455 -1.6923e-07 -4.90825e-07
19.32 0.00831289 0.0898455 -1.45394e-07 -4.5733e-07
19.34 0.00831289 0.0898455 -1.22101e-07 -4.23763e-07
19.36 0.00831289 0.0898455 -9.94034e-08 -3.90238e-07
19.38 0.00831289 0.0898455 -7.73504e-08 -3.56864e-07
19.4 0.00831289 0.0898455 -5.59867e-08 -3.23742e-07
19.42 0.00831289 0.0898455 -3.53527e-08 -2.90971e-07
19.44 0.00831289 0.0898455 -1.54849e-08 -2.58644e-07
19.46 0.00831289 0.0898455 3.58464e-09 -2.26846e-07
19.48 0.00831289 0.0898455 2.18276e-08 -1.95661e-07
19.5 0.00831289 0.0898455 3.92196e-08 -1.65163e-07
19.52 0.00831289 0.0898455 5.57402e-08 -1.35424e-07
19.54 0.00831289 0.0898455 7.13728e-08 -1.06509e-07
19.56 0.00831289 0.0898455 8.61043e-08 -7.84766e-08
19.58 0.00831289 0.0898455 9.99251e-08 -5.13819e-08
19.6 0.00831289 0.0898455 1.12829e-07 -2.52733e-08
19.62 0.00831289 0.0898455 1.24814e-07 -1.94143e-10
19.64 0.00831289 0.0898455 1.35879e-07 2.38173e-08
19.66 0.00831289 0.0898455 1.46028e-07 4.67281e-08
19.68 0.00831289 0.0898455 1.55268e-07 6.85102e-08
19.7 0.00831289 0.0898455 1.63607e-07 8.91407e-08
19.72 0.00831289 0.0898455 1.71057e-07 1.08601e-07
19.74 0.00831289 0.0898455 1.77631e-07 1.26878e-07
19.76 0.00831289 0.0898455 1.83347e-07 1.43963e-07
19.78 0.00831289 0.0898455 1.88222e-07 1.5985e-07
19.8 0.00831289 0.0898455 1.92277e-07 1.74539e-07
19.82 0.00831289 0.0898455 1.95534e-07 1.88033e-07
19.84 0.00831289 0.0898455 1.98016e-07 2.00339e-07
19.86 0.00831289 0.0898455 1.9975e-07 2.11469e-07
19.88 0.00831289 0.0898455 2.00761e-07 2.21436e-07
19.9 0.00831289 0.0898455 2.01079e-07 2.30257e-07
19.92 0.00831289 0.0898455 2.00731e-07 2.37954e-07
19.94 0.00831289 0.0898455 1.99749e-07 2.44548e-07
19.96 0.00831289 0.0898455 1.98161e-07 2.50067e-07
19.98 0.00831289 0.0898455 1.96001e-07 2.54539e-07
20 0.00831289 0.0898455 1.933e-07 2.57993e-07
20.02 0.00831289 0.0898455 1.9009e-07 2.60463e-07
20.04 0.00831289 0.0898455 1.86404e-07 2.61983e-07
20.06 0.00831289 0.0898455 1.82274e-07 2.62588e-07
20.08 0.00831289 0.0898455 1.77734e-07 2.62317e-07
20.1 0.00831289 0.0898455 1.72816e-07 2.61209e-07
20.12 0.00831289 0.0898455 1.67552e-07 2.59302e-07
20.14 0.00831289 0.0898455 1.61976e-07 2.56638e-07
20.16 0.00831289 0.0898455 1.56118e-07 2.53259e-07
20.18 0.00831289 0.0898455 1.50009e-07 2.49205e-07
20.2 0.00831289 0.0898455 1.43682e-07 2.44521e-07
20.22 0.00831289 0.0898455 1.37166e-07 2.39247e-07
20.24 0.00831289 0.0898455 1.30491e-07 2.33428e-07
20.26 0.00831289 0.0898455 1.23684e-07 2.27106e-07
20.28 0.00831289 0.0898455 1.16776e-07 2.20323e-07
20.3 0.00831289 0.0898455 1.09791e-07 2.13121e-07
20.32 0.00831289 0.0898455 1.02757e-07 2.05542e-07
20.34 0.00831289 0.0898455 9.56982e-08 1.97628e-07
20.36 0.00831289 0.0898455 8.86392e-08 1.89418e-07
20.38 0.00831289 0.0898455 8.16028e-08 1.80952e-07
20.4 0.00831289 0.0898455 7.4611e-08 1.7227e-07
20.42 0.00831289 0.0898455 6.76847e-08 1.63408e-07
20.44 0.00831289 0.0898455 6.08435e-08 1.54404e-07
20.46 0.00831289 0.0898455 5.4106e-08 1.45293e-07
20.48 0.00831289 0.0898455 4.74896e-08 1.36109e-07
20.5 0.00831289 0.0898455 4.10105e-08 1.26886e-07
20.52 0.00831289 0.0898455 3.46839e-08 1.17656e-07
20.54 0.00831289 0.0898455 2.85236e-08 1.08448e-07
20.56 0.00831289 0.0898455 2.25424e-08 9.92925e-08
20.58 0.00831289 0.0898455 1.67518e-08 9.02162e-08
20.6 0.00831289 0.0898455 1.11624e-08 8.12453e-08
20.62 0.00831289 0.0898455 5.78337e-09 7.24046e-08
20.64 0.00831289 0.0898455 6.23074e-10 6.37172e-08
20.66 0.00831289 0.0898455 -4.31139e-09 5.52046e-08
20.68 0.00831289 0.0898455 -9.01394e-09 4.68869e-08
20.7 0.00831289 0.0898455 -1.34795e-08 3.87826e-08
20.72 0.00831289 0.0898455 -1.7704e-08 3.09088e-08
20.74 0.00831289 0.0898455 -2.16844e-08 2.3281e-08
20.76 0.00831289 0.0898455 -2.54185e-08 1.59133e-08
20.78 0.00831289 0.0898455 -2.89052e-08 8.81811e-09
20.8 0.00831289 0.0898455 -3.21439e-08 2.0066e-09
20.82 0.00831289 0.0898455 -3.51352e-08 -4.51152e-09
20.84 0.00831289 0.0898455 -3.78802e-08 -1.0728e-08
20.86 0.00831289 0.0898455 -4.03811e-08 -1.66358e-08
20.88 0.00831289 0.0898455 -4.26405e-08 -2.22295e-08
20.9 0.00831289 0.0898455 -4.46618e-08 -2.75045e-08
20.92 0.00831289 0.0898455 -4.64491e-08 -3.24579e-08
20.94 0.00831289 0.0898455 -4.80068e-08 -3.70877e-08
20.96 0.00831289 0.0898455 -4.93402e-08 -4.13932e-08
20.98 0.00831289 0.0898455 -5.04549e-08 -4.53747e-08
21 0.00831289 0.0898455 -5.13571e-08 -4.90335e-08
21.02 0.00831289 0.0898455 -5.20533e-08 -5.23721e-08
21.04 0.00831289 0.0898455 -5.25504e-08 -5.53938e-08
21.06 0.00831289 0.0898455 -5.28556e-08 -5.81027e-08
21.08 0.00831289 0.0898455 -5.29767e-08 -6.05041e-08
21.1 0.00831289 0.0898455 -5.29213e-08 -6.26036e-08
21.12 0.00831289 0.0898455 -5.26976e-08 -6.44079e-08
21.14 0.00831289 0.0898455 -5.23139e-08 -6.59242e-08
21.16 0.00831289 0.0898455 -5.17785e-08 -6.71604e-08
21.18 0.00831289 0.0898455 -5.11e-08 -6.81249e-08
21.2 0.00831289 0.0898455 -5.0287e-08 -6.88267e-08
21.22 0.00831289 0.0898455 -4.93482e-08 -6.92752e-08
21.24 0.00831289 0.0898455 -4.82922e-08 -6.94802e-08
21.26 0.00831289 0.0898455 -4.71278e-08 -6.94519e-08
21.28 0.00831289 0.0898455 -4.58636e-08 -6.92008e-08
21.3 0.00831289 0.0898455 -4.45082e-08 -6.87377e-08
21.32 0.00831289 0.0898455 -4.30702e-08 -6.80735e-08
21.34 0.00831289 0.0898455 -4.15578e-08 -6.72194e-08
21.36 0.00831289 0.0898455 -3.99794e-08 -6.61865e-08
21.38 0.00831289 0.0898455 -3.83431e-08 -6.49864e-08
21.4 0.00831289 0.0898455 -3.66568e-08 -6.36303e-08
21.42 0.00831289 0.0898455 -3.49282e-08 -6.21297e-08
21.44 0.00831289 0.0898455 -3.31649e-08 -6.04958e-08
21.46 0.00831289 0.0898455 -3.13741e-08 -5.87401e-08
21.48 0.00831289 0.0898455 -2.95629e-08 -5.68736e-08
21.5 0.00831289 0.0898455 -2.77381e-08 -5.49074e-08
21.52 0.00831289 0.0898455 -2.59063e-08 -5.28523e-08
21.54 0.00831289 0.0898455 -2.40738e-08 -5.0719e-08
21.56 0.00831289 0.0898455 -2.22464e-08 -4.8518e-08
21.58 0.00831289 0.0898455 -2.04299e-08 -4.62594e-08
21.6 0.00831289 0.0898455 -1.86298e-08 -4.39532e-08
21.62 0.00831289 0.0898455 -1.68511e-08 -4.1609e-08
21.64 0.00831289 0.0898455 -1.50987e-08 -3.92361e-08
21.66 0.00831289 0.0898455 -1.33769e-08 -3.68436e-08
21.68 0.00831289 0.0898455 -1.16901e-08 -3.444e-08
21.7 0.00831289 0.0898455 -1.00422e-08 -3.20338e-08
21.72 0.00831289 0.0898455 -8.4366e-09 -2.96328e-08
21.74 0.00831289 0.0898455 -6.87676e-09 -2.72445e-08
21.76 0.00831289 0.0898455 -5.3656e-09 -2.48762e-08
21.78 0.00831289 0.0898455 -3.90582e-09 -2.25347e-08
21.8 0.00831289 0.0898455 -2.49982e-09 -2.02263e-08
21.82 0.00831289 0.0898455 -1.14972e-09 -1.79571e-08
21.84 0.00831289 0.0898455 1.42636e-10 -1.57326e-08
21.86 0.00831289 0.0898455 1.3757e-09 -1.3558e-08
21.88 0.00831289 0.0898455 2.54815e-09 -1.14382e-08
21.9 0.00831289 0.0898455 3.65896e-09 -9.37751e-09
21.92 0.00831289 0.0898455 4.70734e-09 -7.37994e-09
21.94 0.00831289 0.0898455 5.69274e-09 -5.44915e-09
21.96 0.00831289 0.0898455 6.61482e-09 -3.58834e-09
21.98 0.00831289 0.0898455 7.47348e-09 -1.80041e-09
22 0.00831289 0.0898455 8.26887e-09 -8.78182e-11
22.02 0.00831289 0.0898455 9.00128e-09 1.54729e-09
22.04 0.00831289 0.0898455 9.67119e-09 3.10312e-09
22.06 0.00831289 0.0898455 1.02793e-08 4.57826e-09
22.08 0.00831289 0.0898455 1.08265e-08 5.97157e-09
22.1 0.00831289 0.0898455 1.13138e-08 7.28227e-09
22.12 0.00831289 0.0898455 1.17423e-08 8.50988e-09
22.14 0.00831289 0.0898455 1.21134e-08 9.65418e-09
22.16 0.00831289 0.0898455 1.24285e-08 1.07153e-08
22.18 0.00831289 0.0898455 1.26891e-08 1.16935e-08
22.2 0.00831289 0.0898455 1.2897e-08 1.25895e-08
22.22 0.00831289 0.0898455 1.30537e-08 1.3404e-08
22.24 0.00831289 0.0898455 1.31613e-08 1.41383e-08
22.26 0.00831289 0.0898455 1.32215e-08 1.47935e-08
22.28 0.00831289 0.0898455 1.32364e-08 1.53712e-08
22.3 0.00831289 0.0898455 1.32081e-08 1.5873e-08
22.32 0.00831289 0.0898455 1.31386e-08 1.63008e-08
22.34 0.00831289 0.0898455 1.303e-08 1.66566e-08
22.36 0.00831289 0.0898455 1.28845e-08 1.69425e-08
22.38 0.00831289 0.0898455 1.27042e-08 1.71608e-08
22.4 0.00831289 0.0898455 1.24914e-08 1.73139e-08
22.42 0.00831289 0.0898455 1.22482e-08 1.74042e-08
22.44 0.00831289 0.0898455 1.19769e-08 1.74345e-08
22.46 0.00831289 0.0898455 1.16796e-08 1.74073e-08
22.48 0.00831289 0.0898455 1.13584e-08 1.73253e-08
22.5 0.00831289 0.0898455 1.10156e-08 1.71914e-08
22.52 0.00831289 0.0898455 1.06533e-08 1.70084e-08
22.54 0.00831289 0.0898455 1.02734e-08 1.67791e-08
22.56 0.00831289 0.0898455 9.87808e-09 1.65064e-08
22.58 0.00831289 0.0898455 9.46933e-09 1.61932e-08
22.6 0.00831289 0.0898455 9.04906e-09 1.58424e-08
22.62 0.00831289 0.0898455 8.61919e-09 1.54568e-08
22.64 0.00831289 0.0898455 8.18157e-09 1.50393e-08
22.66 0.00831289 0.0898455 7.73795e-09 1.45927e-08
22.68 0.00831289 0.0898455 7.29006e-09 1.41198e-08
22.7 0.00831289 0.0898455 6.83954e-09 1.36233e-08
22.72 0.00831289 0.0898455 6.38798e-09 1.3106e-08
22.74 0.00831289 0.0898455 5.93688e-09 1.25705e-08
22.76 0.00831289 0.0898455 5.4877e-09 1.20193e-08
22.78 0.00831289 0.0898455 5.04178e-09 1.1455e-08
22.8 0.00831289 0.0898455 4.60043e-09 1.088e-08
22.82 0.00831289 0.0898455 4.16486e-09 1.02967e-08
22.84 0.00831289 0.0898455 3.73621e-09 9.70723e-09
22.86 0.00831289 0.0898455 3.31555e-09 9.11394e-09
22.88 0.00831289 0.0898455 2.90386e-09 8.51887e-09
22.9 0.00831289 0.0898455 2.50206e-09 7.92403e-09
22.92 0.00831289 0.0898455 2.11099e-09 7.33134e-09
22.94 0.00831289 0.0898455 1.73141e-09 6.74262e-09
22.96 0.00831289 0.0898455 1.36402e-09 6.1596e-09
22.98 0.00831289 0.0898455 1.00943e-09 5.58388e-09
23 0.00831289 0.0898455 6.68198e-10 5.01701e-09
23.02 0.00831289 0.0898455 3.40783e-10 4.46038e-09
23.04 0.00831289 0.0898455 2.76179e-11 3.91533e-09
23.06 0.00831289 0.0898455 -2.7096e-10 3.38309e-09
23.08 0.00831289 0.0898455 -5.54675e-10 2.86478e-09
23.1 0.00831289 0.0898455 -8.233e-10 2.36143e-09
23.12 0.00831289 0.0898455 -1.07667e-09 1.87398e-09
23.14 0.00831289 0.0898455 -1.31469e-09 1.40324e-09
23.16 0.00831289 0.0898455 -1.5373e-09 9.49974e-10
23.18 0.00831289 0.0898455 -1.74452e-09 5.14834e-10
23.2 0.00831289 0.0898455 -1.9364e-09 9.83635e-11
23.22 0.00831289 0.0898455 -2.11303e-09 -2.98952e-10
23.24 0.00831289 0.0898455 -2.27455e-09 -6.76725e-10
23.26 0.00831289 0.0898455 -2.42116e-09 -1.03464e-09
23.28 0.00831289 0.0898455 -2.5531e-09 -1.37249e-09
23.3 0.00831289 0.0898455 -2.67062e-09 -1.69013e-09
23.32 0.00831289 0.0898455 -2.77401e-09 -1.98743e-09
23.34 0.00831289 0.0898455 -2.86361e-09 -2.26442e-09
23.36 0.00831289 0.0898455 -2.93979e-09 -2.52116e-09
23.38 0.00831289 0.0898455 -3.00294e-09 -2.75775e-09
23.4 0.00831289 0.0898455 -3.05346e-09 -2.97438e-09
23.42 0.00831289 0.0898455 -3.09178e-09 -3.17131e-09
23.44 0.00831289 0.0898455 -3.11836e-09 -3.34879e-09
23.46 0.00831289 0.0898455 -3.13367e-09 -3.50716e-09
23.48 0.00831289 0.0898455 -3.13819e-09 -3.64686e-09
23.5 0.00831289 0.0898455 -3.13241e-09 -3.76826e-09
23.52 0.00831289 0.0898455 -3.11685e-09 -3.87188e-09
23.54 0.00831289 0.0898455 -3.09201e-09 -3.95818e-09
23.56 0.00831289 0.0898455 -3.05844e-09 -4.02771e-09
23.58 0.00831289 0.0898455 -3.01662e-09 -4.08103e-09
23.6 0.00831289 0.0898455 -2.9671e-09 -4.11878e-09
23.62 0.00831289 0.0898455 -2.9104e-09 -4.14149e-09
23.64 0.00831289 0.0898455 -2.84706e-09 -4.14987e-09
23.66 0.00831289 0.0898455 -2.77759e-09 -4.14454e-09
23.68 0.00831289 0.0898455 -2.7025e-09 -4.12617e-09
23.7 0.00831289 0.0898455 -2.6223e-09 -4.09542e-09
23.72 0.00831289 0.0898455 -2.53749e-09 -4.053e-09
23.74 0.00831289 0.0898455 -2.44857e-09 -3.99959e-09
23.76 0.00831289 0.0898455 -2.35604e-09 -3.93589e-09
23.78 0.00831289 0.0898455 -2.26034e-09 -3.86257e-09
23.8 0.00831289 0.0898455 -2.16194e-09 -3.78035e-09
23.82 0.00831289 0.0898455 -2.0613e-09 -3.68989e-09
23.84 0.00831289 0.0898455 -1.95885e-09 -3.59188e-09
23.86 0.00831289 0.0898455 -1.855e-09 -3.48701e-09
23.88 0.00831289 0.0898455 -1.75015e-09 -3.37594e-09
23.9 0.00831289 0.0898455 -1.64469e-09 -3.2593e-09
23.92 0.00831289 0.0898455 -1.53899e-09 -3.13773e-09
23.94 0.00831289 0.0898455 -1.4334e-09 -3.01191e-09
23.96 0.00831289 0.0898455 -1.32825e-09 -2.88242e-09
23.98 0.00831289 0.0898455 -1.22388e-09 -2.74984e-09
24 0.00831289 0.0898455 -1.12057e-09 -2.61475e-09
24.02 0.00831289 0.0898455 -1.01861e-09 -2.47771e-09
24.04 0.00831289 0.0898455 -9.18272e-10 -2.33925e-09
24.06 0.00831289 0.0898455 -8.19779e-10 -2.19989e-09
24.08 0.00831289 0.0898455 -7.23388e-10 -2.06014e-09
24.1 0.00831289 0.0898455 -6.29296e-10 -1.92041e-09
24.12 0.00831289 0.0898455 -5.37689e-10 -1.78118e-09
24.14 0.00831289 0.0898455 -4.48771e-10 -1.64293e-09
24.16 0.00831289 0.0898455 -3.62673e-10 -1.50598e-09
24.18 0.00831289 0.0898455 -2.79551e-10 -1.37074e-09
24.2 0.00831289 0.0898455 -1.9953e-10 -1.23761e-09
24.22 0.00831289 0.0898455 -1.22714e-10 -1.10684e-09
24.24 0.00831289 0.0898455 -4.91971e-11 -9.78797e-10
24.26 0.00831289 0.0898455 2.0937e-11 -8.53749e-10
24.28 0.00831289 0.0898455 8.7641e-11 -7.31942e-10
24.3 0.00831289 0.0898455 1.50856e-10 -6.13622e-10
24.32 0.00831289 0.0898455 2.10527e-10 -4.99009e-10
24.34 0.00831289 0.0898455 2.6666e-10 -3.88306e-10
24.36 0.00831289 0.0898455 3.19241e-10 -2.81648e-10
24.38 0.00831289 0.0898455 3.68257e-10 -1.79204e-10
24.4 0.00831289 0.0898455 4.13732e-10 -8.11258e-11
24.42 0.00831289 0.0898455 4.55682e-10 1.24958e-11
24.44 0.00831289 0.0898455 4.94151e-10 1.016e-10
24.46 0.00831289 0.0898455 5.29178e-10 1.86064e-10
24.48 0.00831289 0.0898455 5.60815e-10 2.65876e-10
24.5 0.00831289 0.0898455 5.89139e-10 3.41005e-10
24.52 0.00831289 0.0898455 6.14198e-10 4.11422e-10
24.54 0.00831289 0.0898455 6.36079e-10 4.7712e-10
24.56 0.00831289 0.0898455 6.54864e-10 5.38128e-10
24.58 0.00831289 0.0898455 6.70642e-10 5.94473e-10
24.6 0.00831289 0.0898455 6.83511e-10 6.46196e-10
24.62 0.00831289 0.0898455 6.93565e-10 6.93354e-10
24.64 0.00831289 0.0898455 7.00912e-10 7.36023e-10
24.66 0.00831289 0.0898455 7.05659e-10 7.74247e-10
24.68 0.00831289 0.0898455 7.07909e-10 8.08173e-10
24.7 0.00831289 0.0898455 7.07792e-10 8.37869e-10
24.72 0.00831289 0.0898455 7.05411e-10 8.63434e-10
24.74 0.00831289 0.0898455 7.00888e-10 8.85001e-10
24.76 0.00831289 0.0898455 6.94348e-10 9.02683e-10
24.78 0.00831289 0.0898455 6.85897e-10 9.16621e-10
24.8 0.00831289 0.0898455 6.75659e-10 9.26928e-10
24.82 0.00831289 0.0898455 6.63768e-10 9.33779e-10
24.84 0.00831289 0.0898455 6.50322e-10 9.37289e-10
24.86 0.00831289 0.0898455 6.35462e-10 9.37628e-10
24.88 0.00831289 0.0898455 6.19276e-10 9.34938e-10
24.9 0.00831289 0.0898455 6.01902e-10 9.29401e-10
24.92 0.00831289 0.0898455 5.83455e-10 9.21148e-10
24.94 0.00831289 0.0898455 5.64042e-10 9.10334e-10
24.96 0.00831289 0.0898455 5.43757e-10 8.97143e-10
24.98 0.00831289 0.0898455 5.22724e-10 8.81704e-10
25 0.00831289 0.0898455 5.01058e-10 8.64195e-10
25.02 0.00831289 0.0898455 4.7884e-10 8.4477e-10
25.04 0.00831289 0.0898455 4.56168e-10 8.23579e-10
25.06 0.00831289 0.0898455 4.33163e-10 8.00782e-10
25.08 0.00831289 0.0898455 4.09883e-10 7.7652e-10
25.1 0.00831289 0.0898455 3.86438e-10 7.50956e-10
25.12 0.00831289 0.0898455 3.62911e-10 7.24254e-10
25.14 0.00831289 0.0898455 3.39373e-10 6.96499e-10
25.16 0.00831289 0.0898455 3.15903e-10 6.67872e-10
25.18 0.00831289 0.0898455 2.92567e-10 6.38509e-10
25.2 0.00831289 0.0898455 2.69452e-10 6.08547e-10
25.22 0.00831289 0.0898455 2.46609e-10 5.78083e-10
25.24 0.00831289 0.0898455 2.24081e-10 5.47247e-10
25.26 0.00831289 0.0898455 2.01962e-10 5.16176e-10
25.28 0.00831289 0.0898455 1.80274e-10 4.84964e-10
25.3 0.00831289 0.0898455 1.59073e-10 4.53728e-10
25.32 0.00831289 0.0898455 1.38427e-10 4.2257e-10
25.34 0.00831289 0.0898455 1.18351e-10 3.91579e-10
25.36 0.00831289 0.0898455 9.88836e-11 3.60843e-10
25.38 0.00831289 0.0898455 8.00586e-11 3.30479e-10
25.4 0.00831289 0.0898455 6.19025e-11 3.00532e-10
25.42 0.00831289 0.0898455 4.44524e-11 2.7108e-10
25.44 0.00831289 0.0898455 2.77209e-11 2.42209e-10
25.46 0.00831289 0.0898455 1.17319e-11 2.13994e-10
25.48 0.00831289 0.0898455 -3.51452e-12 1.8646e-10
25.5 0.00831289 0.0898455 -1.79892e-11 1.59702e-10
25.52 0.00831289 0.0898455 -3.16991e-11 1.33737e-10
25.54 0.00831289 0.0898455 -4.46176e-11 1.08626e-10
25.56 0.00831289 0.0898455 -5.67546e-11 8.43943e-11
25.58 0.00831289 0.0898455 -6.81135e-11 6.10809e-11
25.6 0.00831289 0.0898455 -7.86917e-11 3.87201e-11
25.62 0.00831289 0.0898455 -8.8491e-11 1.73439e-11
25.64 0.00831289 0.0898455 -9.75264e-11 -3.05134e-12
25.66 0.00831289 0.0898455 -1.05791e-10 -2.2423e-11
25.68 0.00831289 0.0898455 -1.13308e-10 -4.07856e-11
25.7 0.00831289 0.0898455 -1.20085e-10 -5.80926e-11
25.72 0.00831289 0.0898455 -1.26153e-10 -7.43778e-11
25.74 0.00831289 0.0898455 -1.31509e-10 -8.96208e-11
25.76 0.00831289 0.0898455 -1.36164e-10 -1.03823e-10
25.78 0.00831289 0.0898455 -1.40166e-10 -1.17002e-10
25.8 0.00831289 0.0898455 -1.43511e-10 -1.2916e-10
25.82 0.00831289 0.0898455 -1.4623e-10 -1.40303e-10
25.84 0.00831289 0.0898455 -1.48347e-10 -1.50434e-10
25.86 0.00831289 0.0898455 -1.4988e-10 -1.59611e-10
25.88 0.00831289 0.0898455 -1.50854e-10 -1.67806e-10
25.9 0.00831289 0.0898455 -1.51291e-10 -1.7506e-10
25.92 0.00831289 0.0898455 -1.5123e-10 -1.814e-10
25.94 0.00831289 0.0898455 -1.50685e-10 -1.86831e-10
25.96 0.00831289 0.0898455 -1.49686e-10 -1.91408e-10
25.98 0.00831289 0.0898455 -1.48271e-10 -1.95135e-10
26 0.00831289 0.0898455 -1.46451e-10 -1.98074e-10
26.02 0.00831289 0.0898455 -1.4424e-10 -2.00233e-10
26.04 0.00831289 0.0898455 -1.41684e-10 -2.01634e-10
26.06 0.00831289 0.0898455 -1.38813e-10 -2.02336e-10
26.08 0.00831289 0.0898455 -1.35626e-10 -2.02346e-10
26.1 0.00831289 0.0898455 -1.32167e-10 -2.01704e-10
26.12 0.00831289 0.0898455 -1.28466e-10 -2.00464e-10
26.14 0.00831289 0.0898455 -1.24535e-10 -1.98623e-10
26.16 0.00831289 0.0898455 -1.20408e-10 -1.96243e-10
26.18 0.00831289 0.0898455 -1.16085e-10 -1.93357e-10
26.2 0.00831289 0.0898455 -1.11621e-10 -1.89998e-10
26.22 0.00831289 0.0898455 -1.07026e-10 -1.86188e-10
26.24 0.00831289 0.0898455 -1.02312e-10 -1.81989e-10
26.26 0.00831289 0.0898455 -9.75007e-11 -1.77415e-10
26.28 0.00831289 0.0898455 -9.26343e-11 -1.72491e-10
26.3 0.00831289 0.0898455 -8.77005e-11 -1.67277e-10
26.32 0.00831289 0.0898455 -8.27391e-11 -1.61775e-10
26.34 0.00831289 0.0898455 -7.77627e-11 -1.56029e-10
26.36 0.00831289 0.0898455 -7.2788e-11 -1.50075e-10
26.38 0.00831289 0.0898455 -6.78337e-11 -1.43939e-10
26.4 0.00831289 0.0898455 -6.29043e-11 -1.37642e-10
26.42 0.00831289 0.0898455 -5.80034e-11 -1.31228e-10
26.44 0.00831289 0.0898455 -5.31903e-11 -1.24724e-10
26.46 0.00831289 0.0898455 -4.8451e-11 -1.18126e-10
26.48 0.00831289 0.0898455 -4.3773e-11 -1.11488e-10
26.5 0.00831289 0.0898455 -3.91935e-11 -1.0484e-10
26.52 0.00831289 0.0898455 -3.4726e-11 -9.81757e-11
26.54 0.00831289 0.0898455 -3.03597e-11 -9.15437e-11
26.56 0.00831289 0.0898455 -2.61222e-11 -8.49436e-11
26.58 0.00831289 0.0898455 -2.20073e-11 -7.84022e-11
26.6 0.00831289 0.0898455 -1.80407e-11 -7.19571e-11
26.62 0.00831289 0.0898455 -1.42117e-11 -6.5596e-11
26.64 0.00831289 0.0898455 -1.05231e-11 -5.9329e-11
26.66 0.00831289 0.0898455 -6.99263e-12 -5.32174e-11
26.68 0.00831289 0.0898455 -3.62288e-12 -4.72231e-11
26.7 0.00831289 0.0898455 -4.08562e-13 -4.1398e-11
26.72 0.00831289 0.0898455 2.65565e-12 -3.57305e-11
26.74 0.00831289 0.0898455 5.55822e-12 -3.02163e-11
26.76 0.00831289 0.0898455 8.2947e-12 -2.48987e-11
26.78 0.00831289 0.0898455 1.08669e-11 -1.97731e-11
26.8 0.00831289 0.0898455 1.32765e-11 -1.48317e-11
26.82 0.00831289 0.0898455 1.55262e-11 -1.01008e-11
26.84 0.00831289 0.0898455 1.76188e-11 -5.58531e-12
26.86 0.00831289 0.0898455 1.95426e-11 -1.24256e-12
26.88 0.00831289 0.0898455 2.13225e-11 2.84972e-12
26.9 0.00831289 0.0898455 2.29381e-11 6.73817e-12
26.92 0.00831289 0.0898455 2.43929e-11 1.04103e-11
26.94 0.00831289 0.0898455 2.5703e-11 1.3864e-11
26.96 0.00831289 0.0898455 2.68621e-11 1.71028e-11
26.98 0.00831289 0.0898455 2.78879e-11 2.01137e-11
27 0.00831289 0.0898455 2.87654e-11 2.29234e-11
27.02 0.00831289 0.0898455 2.94955e-11 2.55e-11
27.04 0.00831289 0.0898455 3.0103e-11 2.78675e-11
27.06 0.00831289 0.0898455 3.05826e-11 3.00502e-11
27.08 0.00831289 0.0898455 3.0945e-11 3.20024e-11
27.1 0.00831289 0.0898455 3.11866e-11 3.37668e-11
27.12 0.00831289 0.0898455 3.13189e-11 3.53224e-11
27.14 0.00831289 0.0898455 3.13536e-11 3.66698e-11
27.16 0.00831289 0.0898455 3.12745e-11 3.78653e-11
27.18 0.00831289 0.0898455 3.11067e-11 3.88556e-11
27.2 0.00831289 0.0898455 3.08553e-11 3.96549e-11
27.22 0.00831289 0.0898455 3.05107e-11 4.03131e-11
27.24 0.00831289 0.0898455 3.00897e-11 4.07838e-11
27.26 0.00831289 0.0898455 2.95968e-11 4.11036e-11
27.28 0.00831289 0.0898455 2.90168e-11 4.1279e-11
27.3 0.00831289 0.0898455 2.83871e-11 4.12999e-11
27.32 0.00831289 0.0898455 2.76952e-11 4.11822e-11
27.34 0.00831289 0.0898455 2.69456e-11 4.09406e-11
27.36 0.00831289 0.0898455 2.6148e-11 4.05835e-11
27.38 0.00831289 0.0898455 2.53113e-11 4.01097e-11
27.4 0.00831289 0.0898455 2.44258e-11 3.95168e-11
27.42 0.00831289 0.0898455 2.35154e-11 3.88263e-11
27.44 0.00831289 0.0898455 2.25713e-11 3.80576e-11
27.46 0.00831289 0.0898455 2.16076e-11 3.72067e-11
27.48 0.00831289 0.0898455 2.06244e-11 3.6275e-11
27.5 0.00831289 0.0898455 1.96216e-11 3.52753e-11
27.52 0.00831289 0.0898455 1.86144e-11 3.42091e-11
27.54 0.00831289 0.0898455 1.75948e-11 3.31077e-11
27.56 0.00831289 0.0898455 1.6577e-11 3.19389e-11
27.58 0.00831289 0.0898455 1.55564e-11 3.07305e-11
27.6 0.00831289 0.0898455 1.45324e-11 2.95062e-11
27.62 0.00831289 0.0898455 1.35172e-11 2.8237e-11
27.64 0.00831289 0.0898455 1.25118e-11 2.69602e-11
27.66 0.00831289 0.0898455 1.1525e-11 2.56528e-11
27.68 0.00831289 0.0898455 1.05436e-11 2.43214e-11
27.7 0.00831289 0.0898455 9.579e-12 2.29994e-11
27.72 0.00831289 0.0898455 8.63398e-12 2.16684e-11
27.74 0.00831289 0.0898455 7.72094e-12 2.03229e-11
27.76 0.00831289 0.0898455 6.83453e-12 1.89928e-11
27.78 0.00831289 0.0898455 5.96678e-12 1.76645e-11
27.8 0.00831289 0.0898455 5.11768e-12 1.63465e-11
27.82 0.00831289 0.0898455 4.30322e-12 1.50253e-11
27.84 0.00831289 0.0898455 3.52074e-12 1.37366e-11
27.86 0.00831289 0.0898455 2.772e-12 1.24767e-11
27.88 0.00831289 0.0898455 2.04992e-12 1.1231e-11
27.9 0.00831289 0.0898455 1.35714e-12 1.00244e-11
27.92 0.00831289 0.0898455 7.04325e-13 8.84981e-12
27.94 0.00831289 0.0898455 8.17124e-14 7.69695e-12
27.96 0.00831289 0.0898455 -5.02709e-13 6.58673e-12
27.98 0.00831289 0.0898455 -1.06226e-12 5.50182e-12
28 0.00831289 0.0898455 -1.58273e-12 4.45555e-12
28.02 0.00831289 0.0898455 -2.06413e-12 3.467e-12
28.04 0.00831289 0.0898455 -2.51443e-12 2.51088e-12
28.06 0.00831289 0.0898455 -2.9301e-12 1.5965e-12
28.08 0.00831289 0.0898455 -3.3209e-12 7.18092e-13
28.1 0.00831289 0.0898455 -3.65841e-12 -1.14131e-13
28.12 0.00831289 0.0898455 -3.97549e-12 -9.13047e-13
28.14 0.00831289 0.0898455 -4.26326e-12 -1.65468e-12
28.16 0.00831289 0.0898455 -4.51106e-12 -2.36433e-12
28.18 0.00831289 0.0898455 -4.72777e-12 -3.03357e-12
28.2 0.00831289 0.0898455 -4.91873e-12 -3.6473e-12
28.22 0.00831289 0.0898455 -5.07772e-12 -4.21974e-12
28.24 0.00831289 0.0898455 -5.21005e-12 -4.76374e-12
28.26 0.00831289 0.0898455 -5.31131e-12 -5.2558e-12
28.28 0.00831289 0.0898455 -5.40012e-12 -5.71454e-12
28.3 0.00831289 0.0898455 -5.45519e-12 -6.12532e-12
28.32 0.00831289 0.0898455 -5.48273e-12 -6.49747e-12
28.34 0.00831289 0.0898455 -5.49782e-12 -6.8372e-12
28.36 0.00831289 0.0898455 -5.48361e-12 -7.12097e-12
28.38 0.00831289 0.0898455 -5.46141e-12 -7.37277e-12
28.4 0.00831289 0.0898455 -5.42055e-12 -7.5846e-12
28.42 0.00831289 0.0898455 -5.36282e-12 -7.74047e-12
28.44 0.00831289 0.0898455 -5.28289e-12 -7.88081e-12
28.46 0.00831289 0.0898455 -5.19229e-12 -7.99094e-12
28.48 0.00831289 0.0898455 -5.09637e-12 -8.06599e-12
28.5 0.00831289 0.0898455 -4.99067e-12 -8.10685e-12
28.52 0.00831289 0.0898455 -4.85656e-12 -8.12639e-12
28.54 0.00831289 0.0898455 -4.71534e-12 -8.11351e-12
28.56 0.00831289 0.0898455 -4.57678e-12 -8.07132e-12
28.58 0.00831289 0.0898455 -4.4249e-12 -8.00515e-12
28.6 0.00831289 0.0898455 -4.26414e-12 -7.923e-12
28.62 0.00831289 0.0898455 -4.11138e-12 -7.81419e-12
28.64 0.00831289 0.0898455 -3.93285e-12 -7.68896e-12
28.66 0.00831289 0.0898455 -3.7419e-12 -7.5433e-12
28.68 0.00831289 0.0898455 -3.5838e-12 -7.37899e-12
28.7 0.00831289 0.0898455 -3.39462e-12 -7.22133e-12
28.72 0.00831289 0.0898455 -3.20899e-12 -7.02904e-12
28.74 0.00831289 0.0898455 -3.02425e-12 -6.84564e-12
28.76 0.00831289 0.0898455 -2.82974e-12 -6.64846e-12
28.78 0.00831289 0.0898455 -2.65121e-12 -6.4313e-12
28.8 0.00831289 0.0898455 -2.4647e-12 -6.20526e-12
28.82 0.00831289 0.0898455 -2.26841e-12 -5.97611e-12
28.84 0.00831289 0.0898455 -2.081e-12 -5.73852e-12
28.86 0.00831289 0.0898455 -1.89537e-12 -5.49516e-12
28.88 0.00831289 0.0898455 -1.71241e-12 -5.24736e-12
28.9 0.00831289 0.0898455 -1.53122e-12 -4.98979e-12
28.92 0.00831289 0.0898455 -1.3527e-12 -4.73044e-12
28.94 0.00831289 0.0898455 -1.17861e-12 -4.46754e-12
28.96 0.00831289 0.0898455 -1.02052e-12 -4.20597e-12
28.98 0.00831289 0.0898455 -8.57092e-13 -3.94307e-12
29 0.00831289 0.0898455 -7.03437e-13 -3.6926e-12
29.02 0.00831289 0.0898455 -5.58664e-13 -3.43281e-12
29.04 0.00831289 0.0898455 -4.01457e-13 -3.17257e-12
29.06 0.00831289 0.0898455 -2.60236e-13 -2.92255e-12
29.08 0.00831289 0.0898455 -1.22569e-13 -2.67297e-12
29.1 0.00831289 0.0898455 1.42109e-14 -2.4345e-12
29.12 0.00831289 0.0898455 1.39444e-13 -2.19202e-12
29.14 0.00831289 0.0898455 2.62901e-13 -1.95932e-12
29.16 0.00831289 0.0898455 3.90799e-13 -1.74838e-12
29.18 0.00831289 0.0898455 5.0715e-13 -1.51879e-12
29.2 0.00831289 0.0898455 6.05738e-13 -1.31939e-12
29.22 0.00831289 0.0898455 7.03437e-13 -1.11999e-12
29.24 0.00831289 0.0898455 8.0469e-13 -9.15712e-13
29.26 0.00831289 0.0898455 8.94396e-13 -7.30083e-13
29.28 0.00831289 0.0898455 9.7522e-13 -5.67546e-13
29.3 0.00831289 0.0898455 1.06049e-12 -3.92131e-13
29.32 0.00831289 0.0898455 1.13065e-12 -2.30038e-13
29.34 0.00831289 0.0898455 1.19638e-12 -9.37028e-14
29.36 0.00831289 0.0898455 1.24967e-12 4.66294e-14
29.38 0.00831289 0.0898455 1.31273e-12 1.72307e-13
29.4 0.00831289 0.0898455 1.36424e-12 2.89546e-13
29.42 0.00831289 0.0898455 1.40155e-12 3.96128e-13
29.44 0.00831289 0.0898455 1.44507e-12 5.00044e-13
29.46 0.00831289 0.0898455 1.47793e-12 5.94191e-13
29.48 0.00831289 0.0898455 1.5099e-12 6.79901e-13
29.5 0.00831289 0.0898455 1.525e-12 7.62945e-13
29.52 0.00831289 0.0898455 1.53211e-12 8.30891e-13
29.54 0.00831289 0.0898455 1.55431e-12 8.95284e-13
29.56 0.00831289 0.0898455 1.56053e-12 9.59677e-13
29.58 0.00831289 0.0898455 1.56231e-12 1.00453e-12
29.6 0.00831289 0.0898455 1.55609e-12 1.05427e-12
29.62 0.00831289 0.0898455 1.55254e-12 1.09512e-12
29.64 0.00831289 0.0898455 1.54987e-12 1.13509e-12
29.66 0.00831289 0.0898455 1.525e-12 1.16662e-12
29.68 0.00831289 0.0898455 1.50191e-12 1.18172e-12
29.7 0.00831289 0.0898455 1.48592e-12 1.19771e-12
29.72 0.00831289 0.0898455 1.46461e-12 1.20925e-12
29.74 0.00831289 0.0898455 1.43086e-12 1.2137e-12
29.76 0.00831289 0.0898455 1.39622e-12 1.2208e-12
29.78 0.00831289 0.0898455 1.36247e-12 1.23368e-12
29.8 0.00831289 0.0898455 1.32783e-12 1.23324e-12
29.82 0.00831289 0.0898455 1.29052e-12 1.23501e-12
29.84 0.00831289 0.0898455 1.25588e-12 1.22879e-12
29.86 0.00831289 0.0898455 1.22036e-12 1.21236e-12
29.88 0.00831289 0.0898455 1.18661e-12 1.18661e-12
29.9 0.00831289 0.0898455 1.14753e-12 1.18039e-12
29.92 0.00831289 0.0898455 1.112e-12 1.15374e-12
29.94 0.00831289 0.0898455 1.0667e-12 1.12088e-12
29.96 0.00831289 0.0898455 1.02407e-12 1.09468e-12
29.98 0.00831289 0.0898455 9.90319e-13 1.05604e-12
30 0.00831289 0.0898455 9.37916e-13 1.02673e-12
30.02 0.00831289 0.0898455 8.99725e-13 9.87654e-13
30.04 0.00831289 0.0898455 8.61533e-13 9.62341e-13
30.06 0.00831289 0.0898455 8.18012e-13 9.35696e-13
30.08 0.00831289 0.0898455 7.7538e-13 8.93952e-13
30.1 0.00831289 0.0898455 7.35412e-13 8.5576e-13
30.12 0.00831289 0.0898455 6.98108e-13 8.31779e-13
30.14 0.00831289 0.0898455 6.56364e-13 7.92699e-13
30.16 0.00831289 0.0898455 6.27054e-13 7.51399e-13
30.18 0.00831289 0.0898455 5.91527e-13 7.15872e-13
30.2 0.00831289 0.0898455 5.51559e-13 6.81233e-13
30.22 0.00831289 0.0898455 5.24025e-13 6.40821e-13
30.24 0.00831289 0.0898455 4.92051e-13 6.02185e-13
30.26 0.00831289 0.0898455 4.55636e-13 5.65326e-13
30.28 0.00831289 0.0898455 4.1922e-13 5.23581e-13
30.3 0.00831289 0.0898455 3.85469e-13 4.83169e-13
30.32 0.00831289 0.0898455 3.606e-13 4.54303e-13
30.34 0.00831289 0.0898455 3.34843e-13 4.20552e-13
30.36 0.00831289 0.0898455 2.96652e-13 3.79696e-13
30.38 0.00831289 0.0898455 2.72671e-13 3.41505e-13
30.4 0.00831289 0.0898455 2.47802e-13 3.16636e-13
30.42 0.00831289 0.0898455 2.21156e-13 2.85105e-13
30.44 0.00831289 0.0898455 2.02505e-13 2.47358e-13
30.46 0.00831289 0.0898455 1.82077e-13 2.22933e-13
30.48 0.00831289 0.0898455 1.55431e-13 1.95843e-13
30.5 0.00831289 0.0898455 1.32339e-13 1.62537e-13
30.52 0.00831289 0.0898455 1.20792e-13 1.50102e-13
30.54 0.00831289 0.0898455 9.50351e-14 1.20792e-13
30.56 0.00831289 0.0898455 7.81597e-14 9.41469e-14
30.58 0.00831289 0.0898455 6.39488e-14 8.26006e-14
30.6 0.00831289 0.0898455 4.08562e-14 5.63993e-14
30.62 0.00831289 0.0898455 2.93099e-14 4.75175e-14
30.64 0.00831289 0.0898455 1.77636e-14 4.52971e-14
30.66 0.00831289 0.0898455 1.15463e-14 3.10862e-14
30.68 0.00831289 0.0898455 5.32907e-15 2.13163e-14
30.7 0.00831289 0.0898455 -7.10543e-15 1.02141e-14
30.72 0.00831289 0.0898455 -1.15463e-14 2.66454e-15
30.74 0.00831289 0.0898455 -1.15463e-14 4.44089e-16
30.76 0.00831289 0.0898455 -1.68754e-14 -1.77636e-15
30.78 0.00831289 0.0898455 -2.30926e-14 -4.44089e-15
30.8 0.00831289 0.0898455 -3.01981e-14 -4.44089e-15
30.82 0.00831289 0.0898455 -2.30926e-14 -8.43769e-15
30.84 0.00831289 0.0898455 -2.75335e-14 -6.66134e-15
30.86 0.00831289 0.0898455 -4.08562e-14 -4.88498e-15
30.88 0.00831289 0.0898455 -4.26326e-14 -8.88178e-16
30.9 0.00831289 0.0898455 -4.08562e-14 -6.21725e-15
30.92 0.00831289 0.0898455 -4.61853e-14 -1.37668e-14
30.94 0.00831289 0.0898455 -5.41789e-14 -1.19904e-14
30.96 0.00831289 0.0898455 -5.15143e-14 -1.37668e-14
30.98 0.00831289 0.0898455 -5.15143e-14 -1.24345e-14
31 0.00831289 0.0898455 -5.68434e-14 -8.88178e-15
31.02 0.00831289 0.0898455 -6.30607e-14 -1.64313e-14
31.04 0.00831289 0.0898455 -5.9508e-14 -1.11022e-14
31.06 0.00831289 0.0898455 -5.32907e-14 -1.55431e-14
31.08 0.00831289 0.0898455 -5.32907e-14 -2.30926e-14
31.1 0.00831289 0.0898455 -5.32907e-14 -1.86517e-14
31.12 0.00831289 0.0898455 -4.79616e-14 -2.13163e-14
31.14 0.00831289 0.0898455 -4.35207e-14 -1.19904e-14
31.16 0.00831289 0.0898455 -4.26326e-14 -1.28786e-14
31.18 0.00831289 0.0898455 -4.35207e-14 -1.02141e-14
31.2 0.00831289 0.0898455 -3.64153e-14 -2.22045e-15
31.22 0.00831289 0.0898455 -3.10862e-14 4.44089e-16
31.24 0.00831289 0.0898455 -3.64153e-14 8.88178e-15
31.26 0.00831289 0.0898455 -2.84217e-14 7.99361e-15
31.28 0.00831289 0.0898455 -2.39808e-14 1.24345e-14
31.3 0.00831289 0.0898455 -1.68754e-14 3.10862e-14
31.32 0.00831289 0.0898455 -1.33227e-14 2.84217e-14
31.34 0.00831289 0.0898455 -1.24345e-14 3.81917e-14
31.36 0.00831289 0.0898455 -1.06581e-14 5.37348e-14
31.38 0.00831289 0.0898455 -4.44089e-15 5.59552e-14
31.4 0.00831289 0.0898455 1.77636e-15 6.43929e-14
31.42 0.00831289 0.0898455 4.44089e-15 7.37188e-14
31.44 0.00831289 0.0898455 3.55271e-15 8.26006e-14
31.46 0.00831289 0.0898455 7.99361e-15 9.63674e-14
31.48 0.00831289 0.0898455 1.33227e-14 1.00808e-13
31.5 0.00831289 0.0898455 2.04281e-14 1.05249e-13
31.52 0.00831289 0.0898455 2.30926e-14 1.12799e-13
31.54 0.00831289 0.0898455 2.39808e-14 1.18128e-13
31.56 0.00831289 0.0898455 3.01981e-14 1.21236e-13
31.58 0.00831289 0.0898455 3.55271e-14 1.27454e-13
31.6 0.00831289 0.0898455 3.9968e-14 1.28786e-13
31.62 0.00831289 0.0898455 4.61853e-14 1.34559e-13
31.64 0.00831289 0.0898455 5.24025e-14 1.38556e-13
31.66 0.00831289 0.0898455 6.92779e-14 1.42997e-13
31.68 0.00831289 0.0898455 7.19425e-14 1.41664e-13
31.7 0.00831289 0.0898455 7.54952e-14 1.35447e-13
31.72 0.00831289 0.0898455 8.88178e-14 1.39444e-13
31.74 0.00831289 0.0898455 9.23706e-14 1.41664e-13
31.76 0.00831289 0.0898455 9.76996e-14 1.45217e-13
31.78 0.00831289 0.0898455 1.06581e-13 1.46549e-13
31.8 0.00831289 0.0898455 1.12799e-13 1.45217e-13
31.82 0.00831289 0.0898455 1.23457e-13 1.40776e-13
31.84 0.00831289 0.0898455 1.30562e-13 1.42109e-13
31.86 0.00831289 0.0898455 1.34115e-13 1.47882e-13
31.88 0.00831289 0.0898455 1.48326e-13 1.44329e-13
31.9 0.00831289 0.0898455 1.55431e-13 1.4877e-13
31.92 0.00831289 0.0898455 1.46549e-13 1.46105e-13
31.94 0.00831289 0.0898455 1.58096e-13 1.44773e-13
31.96 0.00831289 0.0898455 1.66978e-13 1.43885e-13
31.98 0.00831289 0.0898455 1.68754e-13 1.38556e-13
32 0.00831289 0.0898455 1.73195e-13 1.44773e-13
32.02 0.00831289 0.0898455 1.69642e-13 1.4122e-13
32.04 0.00831289 0.0898455 1.76748e-13 1.43441e-13
32.06 0.00831289 0.0898455 1.79412e-13 1.49658e-13
32.08 0.00831289 0.0898455 1.73195e-13 1.39e-13
32.1 0.00831289 0.0898455 1.803e-13 1.43885e-13
32.12 0.00831289 0.0898455 1.74971e-13 1.4122e-13
32.14 0.00831289 0.0898455 1.76748e-13 1.36335e-13
32.16 0.00831289 0.0898455 1.79412e-13 1.28786e-13
32.18 0.00831289 0.0898455 1.82965e-13 1.24345e-13
32.2 0.00831289 0.0898455 1.82965e-13 1.18128e-13
32.22 0.00831289 0.0898455 1.803e-13 1.19016e-13
32.24 0.00831289 0.0898455 1.76748e-13 1.06581e-13
32.26 0.00831289 0.0898455 1.73195e-13 8.52651e-14
32.28 0.00831289 0.0898455 1.77636e-13 8.30447e-14
32.3 0.00831289 0.0898455 1.69642e-13 7.50511e-14
32.32 0.00831289 0.0898455 1.62537e-13 5.90639e-14
32.34 0.00831289 0.0898455 1.58984e-13 4.57412e-14
32.36 0.00831289 0.0898455 1.52767e-13 3.90799e-14
32.38 0.00831289 0.0898455 1.45661e-13 2.79776e-14
32.4 0.00831289 0.0898455 1.35003e-13 1.42109e-14
32.42 0.00831289 0.0898455 1.37668e-13 1.33227e-15
32.44 0.00831289 0.0898455 1.24345e-13 -4.44089e-15
32.46 0.00831289 0.0898455 1.09246e-13 -1.33227e-14
32.48 0.00831289 0.0898455 1.13687e-13 -2.44249e-14
32.5 0.00831289 0.0898455 1.03917e-13 -3.64153e-14
32.52 0.00831289 0.0898455 8.70415e-14 -4.52971e-14
32.54 0.00831289 0.0898455 9.14824e-14 -5.24025e-14
32.56 0.00831289 0.0898455 8.17124e-14 -6.39488e-14
32.58 0.00831289 0.0898455 6.83897e-14 -7.19425e-14
32.6 0.00831289 0.0898455 7.28306e-14 -7.99361e-14
32.62 0.00831289 0.0898455 6.57252e-14 -8.61533e-14
32.64 0.00831289 0.0898455 6.30607e-14 -9.37028e-14
32.66 0.00831289 0.0898455 5.9508e-14 -1.00364e-13
32.68 0.00831289 0.0898455 5.86198e-14 -1.07025e-13
32.7 0.00831289 0.0898455 5.24025e-14 -1.13687e-13
32.72 0.00831289 0.0898455 4.44089e-14 -1.1724e-13
32.74 0.00831289 0.0898455 4.79616e-14 -1.20792e-13
32.76 0.00831289 0.0898455 4.44089e-14 -1.23901e-13
32.78 0.00831289 0.0898455 4.26326e-14 -1.1946e-13
32.8 0.00831289 0.0898455 3.9968e-14 -1.1724e-13
32.82 0.00831289 0.0898455 4.35207e-14 -1.11022e-13
32.84 0.00831289 0.0898455 4.44089e-14 -9.99201e-14
32.86 0.00831289 0.0898455 3.37508e-14 -9.4591e-14
32.88 0.00831289 0.0898455 3.55271e-14 -8.88178e-14
32.9 0.00831289 0.0898455 4.44089e-14 -8.17124e-14
32.92 0.00831289 0.0898455 4.61853e-14 -7.37188e-14
32.94 0.00831289 0.0898455 4.08562e-14 -6.79456e-14
32.96 0.00831289 0.0898455 4.08562e-14 -6.21725e-14
32.98 0.00831289 0.0898455 3.90799e-14 -5.19584e-14
33 0.00831289 0.0898455 4.08562e-14 -4.70735e-14
33.02 0.00831289 0.0898455 3.81917e-14 -3.33067e-14
33.04 0.00831289 0.0898455 2.75335e-14 -2.9754e-14
33.06 0.00831289 0.0898455 3.01981e-14 -2.84217e-14
33.08 0.00831289 0.0898455 3.37508e-14 -2.4869e-14
33.1 0.00831289 0.0898455 1.77636e-14 -2.53131e-14
33.12 0.00831289 0.0898455 2.04281e-14 -1.28786e-14
33.14 0.00831289 0.0898455 3.19744e-14 -1.11022e-14
33.16 0.00831289 0.0898455 2.57572e-14 -5.77316e-15
33.18 0.00831289 0.0898455 3.10862e-14 4.44089e-16
33.2 0.00831289 0.0898455 2.84217e-14 -4.44089e-16
33.22 0.00831289 0.0898455 3.64153e-14 1.77636e-15
33.24 0.00831289 0.0898455 4.35207e-14 7.54952e-15
33.26 0.00831289 0.0898455 3.81917e-14 1.24345e-14
33.28 0.00831289 0.0898455 3.55271e-14 1.55431e-14
33.3 0.00831289 0.0898455 4.08562e-14 2.70894e-14
33.32 0.00831289 0.0898455 4.44089e-14 3.37508e-14
33.34 0.00831289 0.0898455 3.9968e-14 3.4639e-14
33.36 0.00831289 0.0898455 3.37508e-14 4.30767e-14
33.38 0.00831289 0.0898455 3.19744e-14 5.24025e-14
33.4 0.00831289 0.0898455 3.55271e-14 5.72875e-14
33.42 0.00831289 0.0898455 2.66454e-14 5.9952e-14
33.44 0.00831289 0.0898455 2.04281e-14 6.30607e-14
33.46 0.00831289 0.0898455 2.30926e-14 7.19425e-14
33.48 0.00831289 0.0898455 1.95399e-14 7.9492e-14
33.5 0.00831289 0.0898455 1.68754e-14 8.4821e-14
33.52 0.00831289 0.0898455 1.5099e-14 9.85878e-14
33.54 0.00831289 0.0898455 8.88178e-15 1.04361e-13
33.56 0.00831289 0.0898455 7.99361e-15 1.09246e-13
33.58 0.00831289 0.0898455 8.88178e-15 1.17684e-13
33.6 0.00831289 0.0898455 1.06581e-14 1.24345e-13
33.62 0.00831289 0.0898455 6.21725e-15 1.34559e-13
33.64 0.00831289 0.0898455 3.55271e-15 1.34559e-13
33.66 0.00831289 0.0898455 6.21725e-15 1.50102e-13
33.68 0.00831289 0.0898455 8.88178e-16 1.56319e-13
33.7 0.00831289 0.0898455 8.88178e-16 1.66533e-13
33.72 0.00831289 0.0898455 9.76996e-15 1.77192e-13
33.74 0.00831289 0.0898455 1.77636e-15 1.86517e-13
33.76 0.00831289 0.0898455 -4.44089e-15 1.93179e-13
33.78 0.00831289 0.0898455 -8.88178e-16 2.09166e-13
33.8 0.00831289 0.0898455 5.32907e-15 2.26041e-13
33.82 0.00831289 0.0898455 7.99361e-15 2.47358e-13
33.84 0.00831289 0.0898455 2.66454e-15 2.52687e-13
33.86 0.00831289 0.0898455 1.24345e-14 2.64677e-13
33.88 0.00831289 0.0898455 1.77636e-14 2.77556e-13
33.9 0.00831289 0.0898455 1.86517e-14 2.92211e-13
33.92 0.00831289 0.0898455 1.68754e-14 2.98872e-13
33.94 0.00831289 0.0898455 2.04281e-14 3.07754e-13
33.96 0.00831289 0.0898455 4.08562e-14 3.26406e-13
33.98 0.00831289 0.0898455 3.81917e-14 3.41061e-13
34 0.00831289 0.0898455 3.90799e-14 3.57492e-13
34.02 0.00831289 0.0898455 5.15143e-14 3.81029e-13
34.04 0.00831289 0.0898455 4.9738e-14 3.94351e-13
34.06 0.00831289 0.0898455 4.79616e-14 4.09006e-13
34.08 0.00831289 0.0898455 5.32907e-14 4.23217e-13
34.1 0.00831289 0.0898455 5.9508e-14 4.47198e-13
34.12 0.00831289 0.0898455 6.39488e-14 4.56968e-13
34.14 0.00831289 0.0898455 6.66134e-14 4.76508e-13
34.16 0.00831289 0.0898455 6.92779e-14 4.81837e-13
34.18 0.00831289 0.0898455 7.99361e-14 4.92939e-13
34.2 0.00831289 0.0898455 8.52651e-14 5.12035e-13
34.22 0.00831289 0.0898455 8.79297e-14 5.0937e-13
34.24 0.00831289 0.0898455 9.32587e-14 5.22249e-13
34.26 0.00831289 0.0898455 9.59233e-14 5.29798e-13
34.28 0.00831289 0.0898455 9.68114e-14 5.28466e-13
34.3 0.00831289 0.0898455 1.1191e-13 5.35572e-13
34.32 0.00831289 0.0898455 1.05693e-13 5.35127e-13
34.34 0.00831289 0.0898455 1.06581e-13 5.27134e-13
34.36 0.00831289 0.0898455 1.19904e-13 5.37792e-13
34.38 0.00831289 0.0898455 1.22569e-13 5.20028e-13
34.4 0.00831289 0.0898455 1.32339e-13 5.09814e-13
34.42 0.00831289 0.0898455 1.35003e-13 5.03597e-13
34.44 0.00831289 0.0898455 1.35891e-13 4.93383e-13
34.46 0.00831289 0.0898455 1.42109e-13 4.87166e-13
34.48 0.00831289 0.0898455 1.43885e-13 4.7784e-13
34.5 0.00831289 0.0898455 1.45661e-13 4.67626e-13
34.52 0.00831289 0.0898455 1.46549e-13 4.58744e-13
34.54 0.00831289 0.0898455 1.48326e-13 4.4631e-13
34.56 0.00831289 0.0898455 1.46549e-13 4.3654e-13
34.58 0.00831289 0.0898455 1.44773e-13 4.20997e-13
34.6 0.00831289 0.0898455 1.49214e-13 4.13447e-13
34.62 0.00831289 0.0898455 1.52767e-13 3.9746e-13
34.64 0.00831289 0.0898455 1.49214e-13 3.88134e-13
34.66 0.00831289 0.0898455 1.50102e-13 3.85469e-13
34.68 0.00831289 0.0898455 1.57208e-13 3.72147e-13
34.7 0.00831289 0.0898455 1.55431e-13 3.57936e-13
34.72 0.00831289 0.0898455 1.43885e-13 3.49054e-13
34.74 0.00831289 0.0898455 1.4122e-13 3.32623e-13
34.76 0.00831289 0.0898455 1.49214e-13 3.25961e-13
34.78 0.00831289 0.0898455 1.46549e-13 3.0731e-13
34.8 0.00831289 0.0898455 1.39444e-13 2.93543e-13
34.82 0.00831289 0.0898455 1.33227e-13 2.81553e-13
34.84 0.00831289 0.0898455 1.4122e-13 2.65565e-13
34.86 0.00831289 0.0898455 1.40332e-13 2.52243e-13
34.88 0.00831289 0.0898455 1.40332e-13 2.43805e-13
34.9 0.00831289 0.0898455 1.39444e-13 2.38476e-13
34.92 0.00831289 0.0898455 1.43885e-13 2.30038e-13
34.94 0.00831289 0.0898455 1.45661e-13 2.19824e-13
34.96 0.00831289 0.0898455 1.49214e-13 2.06057e-13
34.98 0.00831289 0.0898455 1.46549e-13 1.90514e-13
35 0.00831289 0.0898455 1.5099e-13 1.88294e-13
35.02 0.00831289 0.0898455 1.5099e-13 1.7808e-13
35.04 0.00831289 0.0898455 1.48326e-13 1.63425e-13
35.06 0.00831289 0.0898455 1.47438e-13 1.51879e-13
35.08 0.00831289 0.0898455 1.36779e-13 1.4877e-13
35.1 0.00831289 0.0898455 1.42109e-13 1.35003e-13
35.12 0.00831289 0.0898455 1.38556e-13 1.17684e-13
35.14 0.00831289 0.0898455 1.2701e-13 1.03917e-13
35.16 0.00831289 0.0898455 1.24345e-13 9.4591e-14
35.18 0.00831289 0.0898455 1.15463e-13 8.4821e-14
35.2 0.00831289 0.0898455 1.03029e-13 7.63833e-14
35.22 0.00831289 0.0898455 9.68114e-14 6.57252e-14
35.24 0.00831289 0.0898455 9.32587e-14 5.55112e-14
35.26 0.00831289 0.0898455 8.26006e-14 4.66294e-14
35.28 0.00831289 0.0898455 6.75016e-14 3.59712e-14
35.3 0.00831289 0.0898455 5.77316e-14 2.53131e-14
35.32 0.00831289 0.0898455 5.15143e-14 1.86517e-14
35.34 0.00831289 0.0898455 4.61853e-14 1.73195e-14
35.36 0.00831289 0.0898455 4.35207e-14 8.43769e-15
35.38 0.00831289 0.0898455 4.08562e-14 -1.33227e-15
35.4 0.00831289 0.0898455 2.18492e-13 -8.52651e-14
35.42 0.00831289 0.0898455 2.10498e-13 -9.76996e-14
35.44 0.00831289 0.0898455 2.11386e-13 -1.1191e-13
35.46 0.00831289 0.0898455 2.13163e-13 -1.19016e-13
35.48 0.00831289 0.0898455 2.06946e-13 -1.3145e-13
35.5 0.00831289 0.0898455 2.06057e-13 -1.42109e-13
35.52 0.00831289 0.0898455 2.00728e-13 -1.54543e-13
35.54 0.00831289 0.0898455 2.01617e-13 -1.59872e-13
35.56 0.00831289 0.0898455 2.03393e-13 -1.7053e-13
35.58 0.00831289 0.0898455 2.01617e-13 -1.82965e-13
35.6 0.00831289 0.0898455 1.94511e-13 -1.95399e-13
35.62 0.00831289 0.0898455 1.9007e-13 -2.07834e-13
35.64 0.00831289 0.0898455 2.01617e-13 -2.14939e-13
35.66 0.00831289 0.0898455 1.9007e-13 -2.27374e-13
35.68 0.00831289 0.0898455 1.74971e-13 -2.38032e-13
35.7 0.00831289 0.0898455 1.79412e-13 -2.39808e-13
35.72 0.00831289 0.0898455 1.74971e-13 -2.45137e-13
35.74 0.00831289 0.0898455 1.59872e-13 -2.54019e-13
35.76 0.00831289 0.0898455 1.55431e-13 -2.55795e-13
35.78 0.00831289 0.0898455 1.59872e-13 -2.55795e-13
35.8 0.00831289 0.0898455 1.51879e-13 -2.62901e-13
35.82 0.00831289 0.0898455 1.40332e-13 -2.70006e-13
35.84 0.00831289 0.0898455 1.4122e-13 -2.75335e-13
35.86 0.00831289 0.0898455 1.42997e-13 -2.77112e-13
35.88 0.00831289 0.0898455 1.42109e-13 -2.8777e-13
35.9 0.00831289 0.0898455 1.44773e-13 -2.94875e-13
35.92 0.00831289 0.0898455 1.4122e-13 -3.09086e-13
35.94 0.00831289 0.0898455 1.39444e-13 -3.09086e-13
35.96 0.00831289 0.0898455 1.49214e-13 -3.10862e-13
35.98 0.00831289 0.0898455 1.42109e-13 -3.23297e-13
36 0.00831289 0.0898455 1.35003e-13 -3.2685e-13
36.02 0.00831289 0.0898455 1.38556e-13 -3.35731e-13
36.04 0.00831289 0.0898455 1.36779e-13 -3.44613e-13
36.06 0.00831289 0.0898455 1.27898e-13 -3.49942e-13
36.08 0.00831289 0.0898455 1.24345e-13 -3.53495e-13
36.1 0.00831289 0.0898455 1.28786e-13 -3.57048e-13
36.12 0.00831289 0.0898455 1.25233e-13 -3.606e-13
36.14 0.00831289 0.0898455 1.1724e-13 -3.73035e-13
36.16 0.00831289 0.0898455 1.1191e-13 -3.73035e-13
36.18 0.00831289 0.0898455 1.08358e-13 0.000185107
36.2 0.00831289 0.0898455 1.06581e-13 0.00167864
36.22 0.00831289 0.0898455 9.50351e-14 0.00469246
36.24 0.00831289 0.0898455 8.34888e-14 0.0092516
36.26 0.00831289 0.0898455 7.37188e-14 0.0153789
36.28 0.00831289 0.0898455 6.75016e-14 0.0230949
36.3 0.00831289 0.0898455 5.59552e-14 0.0324179
36.32 0.00831289 0.0898455 4.88498e-14 0.043364
36.34 0.00831289 0.0898455 1.08722e-07 0.0559468
36.36 0.00831289 0.0898455 -0.00248289 0.0699522
36.38 0.00831289 0.0898455 0.00203082 0.0862499
36.4 0.00831289 0.0898455 0.00148024 0.103745
36.42 0.00831289 0.0898455 0.00393084 0.123174
36.44 0.00831289 0.0898455 0.00762997 0.144377
36.46 0.00831289 0.0898455 0.0125917 0.167354
36.48 0.00831289 0.0898455 0.0188281 0.192102
36.5 0.00831289 0.0898455 0.0263495 0.218615
36.52 0.00831289 0.0898455 0.0351642 0.246888
36.54 0.00831289 0.0898455 0.045279 0.27691
36.56 0.00831289 0.0898455 0.0566984 0.308672
36.58 0.00831289 0.0898455 0.0694255 0.342159
36.6 0.00831289 0.0898455 0.0834614 0.377357
36.62 0.00831289 0.0898455 0.0988056 0.414251
36.64 0.00831289 0.0898455 0.115456 0.452822
36.66 0.00831289 0.0898455 0.133408 0.493051
36.68 0.00831289 0.0898455 0.152656 0.534918
36.7 0.00831289 0.0898455 0.173194 0.578401
36.72 0.00831289 0.0898455 0.195013 0.623477
36.74 0.00831289 0.0898455 0.218102 0.670121
36.76 0.00831289 0.0898455 0.24245 0.718309
36.78 0.00831289 0.0898455 0.268045 0.768014
36.8 0.00831289 0.0898455 0.294872 0.81921
36.82 0.00831289 0.0898455 0.322916 0.871869
36.84 0.00831289 0.0898455 0.352161 0.925962
36.86 0.00831289 0.0898455 0.382589 0.981461
36.88 0.00831289 0.0898455 0.414182 1.03833
36.9 0.00831289 0.0898455 0.44692 1.09655
36.92 0.00831289 0.0898455 0.480783 1.15609
36.94 0.00831289 0.0898455 0.517854 1.21707
36.96 0.00831289 0.0898455 0.551844 1.27898
36.98 0.00831289 0.0898455 0.588856 1.34226
37 0.00831289 0.0898455 0.62477 1.40657
37.02 0.00831289 0.0898455 0.666093 1.47237
37.04 0.00831289 0.0898455 0.706233 1.53912
37.06 0.00831289 0.0898455 0.747336 1.60696
37.08 0.00831289 0.0898455 0.789373 1.67586
37.1 0.00831289 0.0898455 0.83232 1.74579
37.12 0.00831289 0.0898455 0.876149 1.8167
37.14 0.00831289 0.0898455 0.920833 1.88857
37.16 0.00831289 0.0898455 0.966345 1.96136
37.18 0.00831289 0.0898455 1.01267 2.03504
37.2 0.00831289 0.0898455 1.05983 2.10957
37.22 0.00831289 0.0898455 1.1078 2.18493
37.24 0.00831289 0.0898455 1.15656 2.26107
37.26 0.00831289 0.0898455 1.20607 2.33797
37.28 0.00831289 0.0898455 1.25631 2.41559
37.3 0.00831289 0.0898455 1.30722 2.49389
37.32 0.00831289 0.0898455 1.3588 2.57285
37.34 0.00831289 0.0898455 1.41098 2.65242
37.36 0.00831289 0.0898455 1.46125 2.73242
37.38 0.00831289 0.0898455 1.51876 2.81341
37.4 0.00831289 0.0898455 1.57084 2.89451
37.42 0.00831289 0.0898455 1.62519 2.97623
37.44 0.00831289 0.0898455 1.67998 3.05839
37.46 0.00831289 0.0898455 1.73519 3.14096
37.48 0.00831289 0.0898455 1.79079 3.22393
37.5 0.00831289 0.0898455 1.84674 3.30724
37.52 0.00831289 0.0898455 1.90301 3.39086
37.54 0.00831289 0.0898455 1.95956 3.47477
37.56 0.00831289 0.0898455 2.01637 3.55893
37.58 0.00831289 0.0898455 2.0734 3.64331
37.6 0.00831289 0.0898455 2.13062 3.72787
37.62 0.00831289 0.0898455 2.18799 3.81258
37.64 0.00831289 0.0898455 2.24548 3.8974
37.66 0.00831289 0.0898455 2.30307 3.98231
37.68 0.00831289 0.0898455 2.36071 4.06728
37.7 0.00831289 0.0898455 2.41837 4.15226
37.72 0.00831289 0.0898455 2.47603 4.23722
37.74 0.00831289 0.0898455 2.53365 4.32214
37.76 0.00831289 0.0898455 2.5912 4.40698
37.78 0.00831289 0.0898455 2.64865 4.4917
37.8 0.00831289 0.0898455 2.70597 4.57628
37.82 0.00831289 0.0898455 2.76311 4.66069
37.84 0.00831289 0.0898455 2.82007 4.74488
37.86 0.00831289 0.0898455 2.87679 4.82883
37.88 0.00831289 0.0898455 2.93326 4.91251
37.9 0.00831289 0.0898455 2.98944 4.99588
37.92 0.00831289 0.0898455 3.04529 5.07891
37.94 0.00831289 0.0898455 3.10082 5.16157
37.96 0.00831289 0.0898455 3.15402 5.24371
37.98 0.00831289 0.0898455 3.21293 5.32578
38 0.00831289 0.0898455 3.26486 5.40699
38.02 0.00831289 0.0898455 3.31864 5.48785
38.04 0.00831289 0.0898455 3.37193 5.56818
38.06 0.00831289 0.0898455 3.42469 5.64795
38.08 0.00831289 0.0898455 3.47688 5.72712
38.1 0.00831289 0.0898455 3.52848 5.80567
38.12 0.00831289 0.0898455 3.57947 5.88356
38.14 0.00831289 0.0898455 3.62983 5.96076
38.16 0.00831289 0.0898455 3.67953 6.03724
